id,time,px,py,pz,dest_px,dest_py,dest_pz
5.0,1.16151825,1.509194016456604,0.14596743881702423,0.018344741314649582,0.0,0.0,0.0
5.0,1.2627686100000002,1.509574055671692,0.14384552836418152,0.021561693400144577,0.0,0.0,0.0
5.0,1.361772655,1.5097832679748535,0.1450982540845871,0.02091851457953453,0.0,0.0,0.0
5.0,1.4607714,1.5102927684783936,0.14333409070968628,0.02193603664636612,0.0,0.0,0.0
5.0,1.560868385,1.5104472637176514,0.14504659175872803,0.021287325769662857,0.0,0.0,0.0
5.0,1.6647122820000002,1.509818196296692,0.14526405930519104,0.020298780873417854,0.0,0.0,0.0
5.0,1.761908118,1.5110838413238525,0.14535701274871826,0.019743939861655235,0.0,0.0,0.0
5.0,1.859760018,1.5125240087509155,0.14569436013698578,0.017318250611424446,0.0,0.0,0.0
5.0,1.960824321,1.5083812475204468,0.14566928148269653,0.018457049503922462,0.0,0.0,0.0
5.0,2.061745217,1.5102598667144775,0.14473848044872284,0.020590782165527344,0.0,0.0,0.0
5.0,2.159106747,1.5088832378387451,0.1452419012784958,0.020401103422045708,0.0,0.0,0.0
5.0,2.260003429,1.5111647844314575,0.14419178664684296,0.020023027434945107,0.0,0.0,0.0
5.0,2.360735485,1.5123348236083984,0.14533978700637817,0.01703595370054245,0.0,0.0,0.0
5.0,2.459073007,1.5106382369995117,0.1447495073080063,0.020309794694185257,0.0,0.0,0.0
5.0,2.560169473,1.510951280593872,0.14475148916244507,0.020553361624479294,0.0,0.0,0.0
5.0,2.659073545,1.509149193763733,0.144048273563385,0.02098233625292778,0.0,0.0,0.0
5.0,2.760029567,1.510998010635376,0.14443829655647278,0.02039988711476326,0.0,0.0,0.0
5.0,2.862054627,1.5094515085220337,0.14549390971660614,0.020224880427122116,0.0,0.0,0.0
5.0,2.961061468,1.5105254650115967,0.14480511844158173,0.021193986758589745,0.0,0.0,0.0
5.0,3.060009946,1.5119081735610962,0.14552539587020874,0.01845298893749714,0.0,0.0,0.0
5.0,3.1605833800000003,1.5083949565887451,0.14578448235988617,0.018428802490234375,0.0,0.0,0.0
5.0,3.260124665,1.5080927610397339,0.14511920511722565,0.017992094159126282,0.0,0.0,0.0
5.0,3.3600500940000004,1.5120736360549927,0.14492955803871155,0.0185073371976614,0.0,0.0,0.0
5.0,3.45910615,1.5221699476242065,0.146519273519516,0.013744170777499676,0.0,0.0,0.0
5.0,3.562109302,1.513161063194275,0.14450399577617645,0.024965152144432068,0.0,0.0,0.0
5.0,3.659096545,1.5128191709518433,0.14917318522930145,0.029408395290374756,0.0,0.0,0.0
5.0,3.759064352,1.4938992261886597,0.14948779344558716,0.039581604301929474,0.0,0.0,0.0
5.0,3.858082693,1.481778860092163,0.15221218764781952,0.049474652856588364,0.0,0.0,0.0
5.0,3.961068495,1.4822547435760498,0.15283198654651642,0.06619646400213242,0.0,0.0,0.0
5.0,4.058030746,1.4880881309509277,0.1540556252002716,0.08885857462882996,0.0,0.0,0.0
5.0,4.159097007000001,1.503328561782837,0.14919732511043549,0.1252908855676651,0.0,0.0,0.0
5.0,4.259104364000001,1.5220799446105957,0.14786651730537415,0.16698004305362701,0.0,0.0,0.0
5.0,4.3610657040000005,1.536585807800293,0.14713847637176514,0.22136500477790833,0.0,0.0,0.0
5.0,4.460134268,1.5446490049362183,0.1471138298511505,0.28474166989326477,0.0,0.0,0.0
5.0,4.559090877,1.5483241081237793,0.1476978212594986,0.3536924719810486,0.0,0.0,0.0
5.0,4.659074755000001,1.5453567504882812,0.1477886438369751,0.4245992600917816,0.0,0.0,0.0
5.0,4.760090003,1.5437164306640625,0.14598894119262695,0.49472832679748535,0.0,0.0,0.0
5.0,4.86108644,1.5366840362548828,0.1421477049589157,0.5679877400398254,0.0,0.0,0.0
5.0,4.958119809,1.5283960103988647,0.14231792092323303,0.6373699307441711,0.0,0.0,0.0
5.0,5.061027231000001,1.5297534465789795,0.13747556507587433,0.6998174786567688,0.0,0.0,0.0
5.0,5.1581260890000005,1.5250803232192993,0.13758544623851776,0.7578129172325134,0.0,0.0,0.0
5.0,5.260113292000001,1.529830813407898,0.13383367657661438,0.8173418641090393,0.0,0.0,0.0
5.0,5.364028693000001,1.5285197496414185,0.13131162524223328,0.8610538244247437,0.0,0.0,0.0
5.0,5.458117673,1.5266271829605103,0.13029763102531433,0.8972622156143188,0.0,0.0,0.0
5.0,5.557084941,1.5230484008789062,0.13124559819698334,0.9223465323448181,0.0,0.0,0.0
5.0,5.6591252480000005,1.5179325342178345,0.13255560398101807,0.9412959814071655,0.0,0.0,0.0
5.0,5.757037189,1.513060212135315,0.13166123628616333,0.9560646414756775,0.0,0.0,0.0
5.0,5.857176647,1.5118004083633423,0.13171003758907318,0.9594922065734863,0.0,0.0,0.0
5.0,5.958980961,1.5080163478851318,0.13220828771591187,0.9638608694076538,0.0,0.0,0.0
5.0,6.058135104000001,1.507128357887268,0.13264448940753937,0.9639011025428772,0.0,0.0,0.0
5.0,6.157101457,1.5057865381240845,0.133055180311203,0.9619506001472473,0.0,0.0,0.0
5.0,6.25801768,1.505492925643921,0.13405074179172516,0.9599612951278687,0.0,0.0,0.0
5.0,6.357957618,1.5027903318405151,0.13258899748325348,0.962486207485199,0.0,0.0,0.0
5.0,6.456020002000001,1.4989545345306396,0.1324167400598526,0.9633559584617615,0.0,0.0,0.0
5.0,6.557147772,1.498619794845581,0.1306113451719284,0.9627417325973511,0.0,0.0,0.0
5.0,6.657938518000001,1.4946914911270142,0.13029593229293823,0.9632562398910522,0.0,0.0,0.0
5.0,6.7576905410000006,1.494415283203125,0.12939772009849548,0.9624165296554565,0.0,0.0,0.0
5.0,6.856817745000001,1.490256428718567,0.13125267624855042,0.9620911478996277,0.0,0.0,0.0
5.0,6.958952829,1.486881136894226,0.1339549422264099,0.9611932635307312,0.0,0.0,0.0
5.0,7.057855011,1.4850785732269287,0.1372840851545334,0.9592375755310059,0.0,0.0,0.0
5.0,7.157945488,1.4841150045394897,0.13929352164268494,0.9591606855392456,0.0,0.0,0.0
5.0,7.255984376000001,1.4872277975082397,0.13220100104808807,0.9645729660987854,0.0,0.0,0.0
5.0,7.357151355,1.4873846769332886,0.1322752684354782,0.9653975367546082,0.0,0.0,0.0
5.0,7.456130721,1.4891844987869263,0.13213053345680237,0.9651994109153748,0.0,0.0,0.0
5.0,7.557233641000001,1.489983081817627,0.1341133713722229,0.9631932973861694,0.0,0.0,0.0
5.0,7.657891866000001,1.4911359548568726,0.13705028593540192,0.960202693939209,0.0,0.0,0.0
5.0,7.757842497,1.492157220840454,0.1396288126707077,0.9577995538711548,0.0,0.0,0.0
5.0,7.856104575000001,1.494815707206726,0.1417975127696991,0.9619434475898743,0.0,0.0,0.0
5.0,7.965955168000001,1.4986728429794312,0.14432276785373688,0.962395429611206,0.0,0.0,0.0
5.0,8.05928587,1.4997999668121338,0.14611557126045227,0.9660027623176575,0.0,0.0,0.0
5.0,8.156276833,1.50229012966156,0.14646576344966888,0.9652662873268127,0.0,0.0,0.0
5.0,8.257966558,1.5006369352340698,0.14839249849319458,0.9645498991012573,1.5773502588272095,1.5773502588272095,1.5773502588272095
5.0,8.357988057,1.4988583326339722,0.14963603019714355,0.966456413269043,1.5773502588272095,1.5773502588272095,1.5773502588272095
5.0,8.457144083000001,1.49905264377594,0.15058279037475586,0.974216639995575,1.5773502588272095,1.5773502588272095,1.5773502588272095
5.0,8.556143888000001,1.5027967691421509,0.15505816042423248,0.9846391677856445,1.5773502588272095,1.5773502588272095,1.5773502588272095
5.0,8.657100281,1.5110042095184326,0.1604619026184082,0.9996888041496277,1.5773502588272095,1.5773502588272095,1.5773502588272095
5.0,8.755166293,1.523512840270996,0.16690854728221893,1.0236454010009766,1.5773502588272095,1.5773502588272095,1.5773502588272095
5.0,8.856858073,1.5400395393371582,0.17800359427928925,1.0489084720611572,1.5773502588272095,1.5773502588272095,1.5773502588272095
5.0,8.956065954000001,1.5565121173858643,0.19207346439361572,1.0779832601547241,1.5773502588272095,1.5773502588272095,1.5773502588272095
5.0,9.057177119,1.5786800384521484,0.20776481926441193,1.105265498161316,1.5773502588272095,1.5773502588272095,1.5773502588272095
5.0,9.160021658,1.6016596555709839,0.2297966033220291,1.1333982944488525,1.5773502588272095,1.5773502588272095,1.5773502588272095
5.0,9.258114631,1.62567138671875,0.25558388233184814,1.1611030101776123,1.5773502588272095,1.5773502588272095,1.5773502588272095
5.0,9.356119688,1.6467067003250122,0.2831827998161316,1.1872004270553589,1.5773502588272095,1.5773502588272095,1.5773502588272095
5.0,9.456149025,1.6688750982284546,0.31556493043899536,1.2128585577011108,1.5773502588272095,1.5773502588272095,1.5773502588272095
5.0,9.557112204000001,1.6912165880203247,0.3516249656677246,1.2387253046035767,1.5773502588272095,1.5773502588272095,1.5773502588272095
5.0,9.655391116,1.7140097618103027,0.3913421928882599,1.2648584842681885,1.5773502588272095,1.5773502588272095,1.5773502588272095
5.0,9.755180282000001,1.7315950393676758,0.42887482047080994,1.2877216339111328,1.5773502588272095,1.5773502588272095,1.5773502588272095
5.0,9.857223042000001,1.7505398988723755,0.4722125828266144,1.3129312992095947,1.5773502588272095,1.5773502588272095,1.5773502588272095
5.0,9.956208496,1.771902322769165,0.5231548547744751,1.337601900100708,1.5773502588272095,1.5773502588272095,1.5773502588272095
5.0,10.0550105,1.786867618560791,0.5716307759284973,1.360345482826233,1.5773502588272095,1.5773502588272095,1.5773502588272095
5.0,10.155269708,1.799939513206482,0.614899218082428,1.3787317276000977,1.5773502588272095,1.5773502588272095,1.5773502588272095
5.0,10.254285808,1.8134291172027588,0.6638774871826172,1.394607424736023,1.5773502588272095,1.5773502588272095,1.5773502588272095
5.0,10.354278095000002,1.8260740041732788,0.7138872146606445,1.4146358966827393,1.5773502588272095,1.5773502588272095,1.5773502588272095
5.0,10.456333306000001,1.8367364406585693,0.7628448605537415,1.433773398399353,1.5773502588272095,1.5773502588272095,1.5773502588272095
5.0,10.557129556000001,1.852277159690857,0.8077384233474731,1.4602338075637817,1.5773502588272095,1.5773502588272095,1.5773502588272095
5.0,10.653319002,1.8618661165237427,0.8567653894424438,1.479387879371643,1.5773502588272095,1.5773502588272095,1.5773502588272095
5.0,10.756323742000001,1.8671176433563232,0.9017214179039001,1.4896270036697388,1.5773502588272095,1.5773502588272095,1.5773502588272095
5.0,10.855191335,1.8678723573684692,0.9472507238388062,1.502150297164917,1.5773502588272095,1.5773502588272095,1.5773502588272095
5.0,10.955269599000001,1.8646059036254883,0.9990279674530029,1.5119246244430542,1.5773502588272095,1.5773502588272095,1.5773502588272095
5.0,11.05422903,1.858742117881775,1.0483149290084839,1.522965431213379,1.5773502588272095,1.5773502588272095,1.5773502588272095
5.0,11.158143432000001,1.852419376373291,1.101348638534546,1.533372402191162,1.5773502588272095,1.5773502588272095,1.5773502588272095
5.0,11.256178065,1.8421224355697632,1.151275634765625,1.5406407117843628,1.5773502588272095,1.5773502588272095,1.5773502588272095
5.0,11.357122439000001,1.831260085105896,1.199967384338379,1.5467588901519775,1.5773502588272095,1.5773502588272095,1.5773502588272095
5.0,11.454172782,1.8183716535568237,1.2486145496368408,1.5491156578063965,1.5773502588272095,1.5773502588272095,1.5773502588272095
5.0,11.554112201,1.7997559309005737,1.3004508018493652,1.5528855323791504,1.5773502588272095,0.4226497411727905,1.5773502588272095
5.0,11.656121118000002,1.782540202140808,1.350329041481018,1.554722547531128,1.5773502588272095,0.4226497411727905,1.5773502588272095
5.0,11.75528345,1.7630462646484375,1.3972214460372925,1.5610313415527344,1.5773502588272095,0.4226497411727905,1.5773502588272095
5.0,11.854104946000001,1.7442396879196167,1.4335116147994995,1.568991780281067,1.5773502588272095,0.4226497411727905,1.5773502588272095
5.0,11.953222046,1.725510597229004,1.459943413734436,1.5858774185180664,1.5773502588272095,0.4226497411727905,1.5773502588272095
5.0,12.053125652,1.718086838722229,1.4691314697265625,1.5962921380996704,1.5773502588272095,0.4226497411727905,1.5773502588272095
5.0,12.15538156,1.714410424232483,1.4633007049560547,1.6047013998031616,1.5773502588272095,0.4226497411727905,1.5773502588272095
5.0,12.252886356000001,1.714356780052185,1.4409120082855225,1.6062372922897339,1.5773502588272095,0.4226497411727905,1.5773502588272095
5.0,12.354127014000001,1.7234042882919312,1.4164760112762451,1.606724500656128,1.5773502588272095,0.4226497411727905,1.5773502588272095
5.0,12.452901137000001,1.7384586334228516,1.3845703601837158,1.59516441822052,1.5773502588272095,0.4226497411727905,1.5773502588272095
5.0,12.554034112,1.741578459739685,1.3398371934890747,1.5957268476486206,1.5773502588272095,0.4226497411727905,1.5773502588272095
5.0,12.654099983,1.7469466924667358,1.2905391454696655,1.5968358516693115,1.5773502588272095,0.4226497411727905,1.5773502588272095
5.0,12.755020579,1.7528257369995117,1.239357829093933,1.5942524671554565,1.5773502588272095,0.4226497411727905,1.5773502588272095
5.0,12.852171099000001,1.7814311981201172,1.2326712608337402,1.6088945865631104,1.5773502588272095,0.4226497411727905,1.5773502588272095
5.0,12.955910801,1.7899446487426758,1.1864876747131348,1.6054036617279053,1.5773502588272095,0.4226497411727905,1.5773502588272095
5.0,13.054182682,1.7896968126296997,1.1314102411270142,1.6015756130218506,1.5773502588272095,0.4226497411727905,1.5773502588272095
5.0,13.153227968000001,1.7825229167938232,1.0736639499664307,1.6012567281723022,1.5773502588272095,0.4226497411727905,1.5773502588272095
5.0,13.254170720000001,1.7687689065933228,1.0103342533111572,1.603855013847351,1.5773502588272095,0.4226497411727905,1.5773502588272095
5.0,13.354154014,1.7534133195877075,0.9471911191940308,1.6047062873840332,1.5773502588272095,0.4226497411727905,1.5773502588272095
5.0,13.453122196,1.7380439043045044,0.8914507031440735,1.6007132530212402,1.5773502588272095,0.4226497411727905,1.5773502588272095
5.0,13.556152332000002,1.7235329151153564,0.8367853760719299,1.5955013036727905,1.5773502588272095,1.5773502588272095,0.4226497411727905
5.0,13.655140712000001,1.7069728374481201,0.7884618043899536,1.58551824092865,1.5773502588272095,1.5773502588272095,0.4226497411727905
5.0,13.75215698,1.6911205053329468,0.7440904378890991,1.5732274055480957,1.5773502588272095,1.5773502588272095,0.4226497411727905
5.0,13.852176925,1.6800733804702759,0.7032167911529541,1.559987187385559,1.5773502588272095,1.5773502588272095,0.4226497411727905
5.0,13.951077036000001,1.6831309795379639,0.6588357090950012,1.5490388870239258,1.5773502588272095,1.5773502588272095,0.4226497411727905
5.0,14.053261372000001,1.6886353492736816,0.632116973400116,1.531596064567566,1.5773502588272095,1.5773502588272095,0.4226497411727905
5.0,14.152324361000002,1.7008870840072632,0.617969274520874,1.509403944015503,1.5773502588272095,1.5773502588272095,0.4226497411727905
5.0,14.253065119,1.7204633951187134,0.6184387803077698,1.482819676399231,1.5773502588272095,1.5773502588272095,0.4226497411727905
5.0,14.353060079,1.738972544670105,0.6220128536224365,1.4570955038070679,1.5773502588272095,1.5773502588272095,0.4226497411727905
5.0,14.452971159,1.7609684467315674,0.6379902362823486,1.428658366203308,1.5773502588272095,1.5773502588272095,0.4226497411727905
5.0,14.553105146,1.7849771976470947,0.6629962921142578,1.3991775512695312,1.5773502588272095,1.5773502588272095,0.4226497411727905
5.0,14.654163441000001,1.8066904544830322,0.6877163648605347,1.3670574426651,1.5773502588272095,1.5773502588272095,0.4226497411727905
5.0,14.756289405,1.8277227878570557,0.7166588306427002,1.3312320709228516,1.5773502588272095,1.5773502588272095,0.4226497411727905
5.0,14.851154998,1.8498291969299316,0.7475458979606628,1.293492078781128,1.5773502588272095,1.5773502588272095,0.4226497411727905
5.0,14.953074392000001,1.8684407472610474,0.7796728610992432,1.261012315750122,1.5773502588272095,1.5773502588272095,0.4226497411727905
5.0,15.053072817,1.8787044286727905,0.8124182820320129,1.236330270767212,1.5773502588272095,1.5773502588272095,0.4226497411727905
5.0,15.152288647,1.894779920578003,0.8441268801689148,1.200368046760559,1.5773502588272095,1.5773502588272095,0.4226497411727905
5.0,15.252175305000002,1.9087200164794922,0.8718045353889465,1.1653889417648315,1.5773502588272095,1.5773502588272095,0.4226497411727905
5.0,15.353120932000001,1.9263592958450317,0.9005962610244751,1.1245957612991333,1.5773502588272095,1.5773502588272095,0.4226497411727905
5.0,15.451336110000002,1.9376438856124878,0.9336849451065063,1.087780475616455,1.5773502588272095,1.5773502588272095,0.4226497411727905
5.0,15.553129507000001,1.9530117511749268,0.9624115228652954,1.0455983877182007,1.5773502588272095,1.5773502588272095,0.4226497411727905
5.0,15.652311104,1.9592440128326416,0.9936585426330566,1.0076841115951538,1.5773502588272095,1.5773502588272095,0.4226497411727905
5.0,15.752190271000002,1.9630831480026245,1.0296486616134644,0.9714068174362183,1.5773502588272095,1.5773502588272095,0.4226497411727905
5.0,15.853184831000002,1.9617422819137573,1.0655577182769775,0.9411267638206482,1.5773502588272095,1.5773502588272095,0.4226497411727905
5.0,15.951154823000001,1.9587458372116089,1.1041055917739868,0.9092322587966919,1.5773502588272095,1.5773502588272095,0.4226497411727905
5.0,16.052026132,1.9544519186019897,1.1412708759307861,0.8731043338775635,1.5773502588272095,1.5773502588272095,0.4226497411727905
5.0,16.150186347,1.9495813846588135,1.176747441291809,0.8304678797721863,1.5773502588272095,1.5773502588272095,0.4226497411727905
5.0,16.252131866000003,1.9393727779388428,1.2142212390899658,0.7924032211303711,1.5773502588272095,1.5773502588272095,0.4226497411727905
5.0,16.351235356,1.9274845123291016,1.2467135190963745,0.7517627477645874,1.5773502588272095,1.5773502588272095,0.4226497411727905
5.0,16.450205291,1.916773796081543,1.282214641571045,0.7134825587272644,1.5773502588272095,1.5773502588272095,0.4226497411727905
5.0,16.551261394,1.901047945022583,1.312105417251587,0.6830699443817139,1.5773502588272095,1.5773502588272095,0.4226497411727905
5.0,16.651211420000003,1.8868221044540405,1.340227484703064,0.6482347846031189,1.5773502588272095,1.5773502588272095,0.4226497411727905
5.0,16.749964283,1.874872088432312,1.3698220252990723,0.6136762499809265,1.5773502588272095,1.5773502588272095,0.4226497411727905
5.0,16.852200613,1.864012360572815,1.399090051651001,0.5823953151702881,1.5773502588272095,1.5773502588272095,0.4226497411727905
5.0,16.951267105,1.8437588214874268,1.430501103401184,0.5528336763381958,1.5773502588272095,0.4226497411727905,0.4226497411727905
5.0,17.050217809,1.8189184665679932,1.4571149349212646,0.5226644277572632,1.5773502588272095,0.4226497411727905,0.4226497411727905
5.0,17.151958155000003,1.789974570274353,1.4784384965896606,0.49524417519569397,1.5773502588272095,0.4226497411727905,0.4226497411727905
5.0,17.252248095000002,1.7733514308929443,1.478230357170105,0.4550980031490326,1.5773502588272095,0.4226497411727905,0.4226497411727905
5.0,17.353849961,1.7571401596069336,1.4781529903411865,0.4225390553474426,1.5773502588272095,0.4226497411727905,0.4226497411727905
5.0,17.449147309,1.7441582679748535,1.4709848165512085,0.3937909007072449,1.5773502588272095,0.4226497411727905,0.4226497411727905
5.0,17.551210454,1.7231969833374023,1.4544521570205688,0.385346382856369,1.5773502588272095,0.4226497411727905,0.4226497411727905
5.0,17.650107514000002,1.7161754369735718,1.439024806022644,0.3754580020904541,1.5773502588272095,0.4226497411727905,0.4226497411727905
5.0,17.749976866,1.7307652235031128,1.4343981742858887,0.36897435784339905,1.5773502588272095,0.4226497411727905,0.4226497411727905
5.0,17.851113598,1.7406014204025269,1.4147976636886597,0.35922369360923767,1.5773502588272095,0.4226497411727905,0.4226497411727905
5.0,17.949169481000002,1.7533400058746338,1.3858078718185425,0.34341174364089966,1.5773502588272095,0.4226497411727905,0.4226497411727905
5.0,18.051176681,1.758052945137024,1.3387082815170288,0.3175645172595978,1.5773502588272095,0.4226497411727905,0.4226497411727905
5.0,18.151132401,1.7616010904312134,1.283980369567871,0.3011985123157501,1.5773502588272095,0.4226497411727905,0.4226497411727905
5.0,18.250925631,1.792891263961792,1.2604225873947144,0.29908469319343567,1.5773502588272095,0.4226497411727905,0.4226497411727905
5.0,18.3492395,1.7868984937667847,1.211328387260437,0.3107012212276459,1.5773502588272095,0.4226497411727905,0.4226497411727905
5.0,18.451070397000002,1.785476803779602,1.1625275611877441,0.3141184151172638,1.5773502588272095,0.4226497411727905,0.4226497411727905
5.0,18.551291931,1.7803677320480347,1.1116769313812256,0.30986854434013367,1.5773502588272095,0.4226497411727905,0.4226497411727905
5.0,18.650236428,1.7750624418258667,1.06210458278656,0.30184340476989746,1.5773502588272095,0.4226497411727905,0.4226497411727905
5.0,18.750218413000002,1.76678466796875,1.0113390684127808,0.2983238101005554,1.5773502588272095,0.4226497411727905,0.4226497411727905
5.0,18.849324197,1.7535161972045898,0.9525502324104309,0.2993028461933136,1.5773502588272095,0.4226497411727905,0.4226497411727905
5.0,18.948266112000002,1.7396550178527832,0.9033210277557373,0.3083050847053528,1.5773502588272095,0.4226497411727905,0.4226497411727905
5.0,19.052017051,1.7314053773880005,0.8599697947502136,0.32257214188575745,0.4226497411727905,1.5773502588272095,0.4226497411727905
5.0,19.148883976,1.71440589427948,0.7988494634628296,0.3354630172252655,0.4226497411727905,1.5773502588272095,0.4226497411727905
5.0,19.250117128000003,1.7023136615753174,0.7522691488265991,0.33733421564102173,0.4226497411727905,1.5773502588272095,0.4226497411727905
5.0,19.35014831,1.6861510276794434,0.7016623020172119,0.32827097177505493,0.4226497411727905,1.5773502588272095,0.4226497411727905
5.0,19.450231928,1.6705431938171387,0.6566071510314941,0.3079831004142761,0.4226497411727905,1.5773502588272095,0.4226497411727905
5.0,19.548237535000002,1.65386164188385,0.6233212947845459,0.27754494547843933,0.4226497411727905,1.5773502588272095,0.4226497411727905
5.0,19.649237743,1.6319794654846191,0.5999821424484253,0.23653344810009003,0.4226497411727905,1.5773502588272095,0.4226497411727905
5.0,19.747831796,1.6126400232315063,0.5973751544952393,0.20518027245998383,0.4226497411727905,1.5773502588272095,0.4226497411727905
5.0,19.848147402000002,1.5884371995925903,0.6032553911209106,0.17834042012691498,0.4226497411727905,1.5773502588272095,0.4226497411727905
5.0,19.948140513000002,1.558099627494812,0.6205269694328308,0.15355145931243896,0.4226497411727905,1.5773502588272095,0.4226497411727905
5.0,20.048034009000002,1.5311752557754517,0.6341303586959839,0.1326909363269806,0.4226497411727905,1.5773502588272095,0.4226497411727905
5.0,20.150134802,1.4961557388305664,0.6552287340164185,0.1098661944270134,0.4226497411727905,1.5773502588272095,0.4226497411727905
5.0,20.250096990000003,1.459517002105713,0.6833244562149048,0.08436359465122223,0.4226497411727905,1.5773502588272095,0.4226497411727905
5.0,20.351227918000003,1.4235032796859741,0.7130231857299805,0.06458794325590134,0.4226497411727905,1.5773502588272095,0.4226497411727905
5.0,20.45011042,1.3881151676177979,0.7403573393821716,0.043583087623119354,0.4226497411727905,1.5773502588272095,0.4226497411727905
5.0,20.54914884,1.3594211339950562,0.7662065625190735,0.033827394247055054,0.4226497411727905,1.5773502588272095,0.4226497411727905
5.0,20.648081099000002,1.3265515565872192,0.8001568913459778,0.02384420856833458,0.4226497411727905,1.5773502588272095,0.4226497411727905
5.0,20.752218989000003,1.2911163568496704,0.8373916149139404,0.01771826297044754,0.4226497411727905,1.5773502588272095,0.4226497411727905
5.0,20.847953473,1.2499927282333374,0.8741405010223389,0.011755136772990227,0.4226497411727905,1.5773502588272095,0.4226497411727905
5.0,20.948130071,1.2122136354446411,0.8990570306777954,0.007032692898064852,0.4226497411727905,1.5773502588272095,0.4226497411727905
5.0,21.049935337,1.1729364395141602,0.9254505038261414,0.012913819402456284,0.4226497411727905,1.5773502588272095,0.4226497411727905
5.0,21.152040375000002,1.1320430040359497,0.9551740288734436,0.01545788161456585,0.4226497411727905,1.5773502588272095,0.4226497411727905
5.0,21.249993521,1.0977880954742432,0.9861291646957397,0.015508967451751232,0.4226497411727905,1.5773502588272095,0.4226497411727905
5.0,21.346944993,1.0597790479660034,1.0227206945419312,0.013729500584304333,0.4226497411727905,1.5773502588272095,0.4226497411727905
5.0,21.448044617,1.0215250253677368,1.0656696557998657,0.01585576683282852,0.4226497411727905,1.5773502588272095,0.4226497411727905
5.0,21.548041543,0.9790969491004944,1.1179454326629639,0.018175074830651283,0.4226497411727905,1.5773502588272095,0.4226497411727905
5.0,21.648933613,0.9311022758483887,1.1657209396362305,0.02953639253973961,0.4226497411727905,1.5773502588272095,0.4226497411727905
5.0,21.746068349,0.8842658996582031,1.2159944772720337,0.035040341317653656,0.4226497411727905,1.5773502588272095,0.4226497411727905
5.0,21.848942035,0.8373644948005676,1.2612661123275757,0.03773006424307823,0.4226497411727905,1.5773502588272095,0.4226497411727905
5.0,21.947028779,0.7950437068939209,1.296485424041748,0.048785578459501266,0.4226497411727905,1.5773502588272095,0.4226497411727905
5.0,22.045968225000003,0.7543981671333313,1.326188564300537,0.06589756906032562,0.4226497411727905,1.5773502588272095,0.4226497411727905
5.0,22.151050979,0.7177461385726929,1.3505278825759888,0.08770249038934708,0.4226497411727905,1.5773502588272095,0.4226497411727905
5.0,22.248112446,0.6829760074615479,1.3690464496612549,0.11217717826366425,0.4226497411727905,1.5773502588272095,0.4226497411727905
5.0,22.34807886,0.6482028365135193,1.394887924194336,0.13034044206142426,0.4226497411727905,1.5773502588272095,0.4226497411727905
5.0,22.449081762000002,0.6157417893409729,1.420227289199829,0.1550581455230713,0.4226497411727905,1.5773502588272095,0.4226497411727905
5.0,22.547260292,0.5825386047363281,1.4506027698516846,0.18231114745140076,1.5773502588272095,1.5773502588272095,1.5773502588272095
5.0,22.649140495,0.5438493490219116,1.4852830171585083,0.2090572863817215,1.5773502588272095,1.5773502588272095,1.5773502588272095
5.0,22.747061094000003,0.5078995823860168,1.518104910850525,0.23263327777385712,1.5773502588272095,1.5773502588272095,1.5773502588272095
5.0,22.846149273,0.47977423667907715,1.547249436378479,0.25959885120391846,1.5773502588272095,1.5773502588272095,1.5773502588272095
5.0,22.947104138,0.45632877945899963,1.569324016571045,0.2860400974750519,1.5773502588272095,1.5773502588272095,1.5773502588272095
5.0,23.046241387000002,0.44390058517456055,1.5929404497146606,0.30788731575012207,1.5773502588272095,1.5773502588272095,1.5773502588272095
5.0,23.147238907000002,0.44690874218940735,1.6212443113327026,0.32177457213401794,1.5773502588272095,1.5773502588272095,1.5773502588272095
5.0,23.246174925000002,0.45764148235321045,1.657281756401062,0.33942246437072754,1.5773502588272095,1.5773502588272095,1.5773502588272095
5.0,23.345196064000003,0.4754210114479065,1.6992799043655396,0.3616775572299957,1.5773502588272095,1.5773502588272095,1.5773502588272095
5.0,23.447203242,0.49687424302101135,1.7406740188598633,0.3951418101787567,1.5773502588272095,1.5773502588272095,1.5773502588272095
5.0,23.546215507000003,0.5209704637527466,1.7806874513626099,0.4430437684059143,1.5773502588272095,1.5773502588272095,1.5773502588272095
5.0,23.647254052,0.543849527835846,1.8077112436294556,0.48481127619743347,1.5773502588272095,1.5773502588272095,1.5773502588272095
5.0,23.74505703,0.5675476789474487,1.8344460725784302,0.5170696973800659,1.5773502588272095,1.5773502588272095,1.5773502588272095
5.0,23.847141263,0.5923241376876831,1.8565528392791748,0.5541149973869324,1.5773502588272095,1.5773502588272095,1.5773502588272095
5.0,23.948096057,0.6230721473693848,1.8754081726074219,0.5824153423309326,1.5773502588272095,1.5773502588272095,1.5773502588272095
5.0,24.0472462,0.6566076278686523,1.8961280584335327,0.6089938879013062,1.5773502588272095,1.5773502588272095,1.5773502588272095
5.0,24.146256553,0.6869986653327942,1.918884038925171,0.6430770754814148,1.5773502588272095,1.5773502588272095,1.5773502588272095
5.0,24.248235398000002,0.7180792689323425,1.942627191543579,0.6803222894668579,1.5773502588272095,1.5773502588272095,1.5773502588272095
5.0,24.346277711000003,0.7454376816749573,1.9606338739395142,0.7111481428146362,1.5773502588272095,1.5773502588272095,1.5773502588272095
5.0,24.447238582,0.7823145389556885,1.9833966493606567,0.7494320273399353,1.5773502588272095,1.5773502588272095,1.5773502588272095
5.0,24.543811012000003,0.8178151249885559,2.007582187652588,0.796657383441925,1.5773502588272095,1.5773502588272095,1.5773502588272095
5.0,24.646191209,0.8586477637290955,2.0252158641815186,0.8349728584289551,1.5773502588272095,1.5773502588272095,1.5773502588272095
5.0,24.746359022,0.8959896564483643,2.0357797145843506,0.867046594619751,1.5773502588272095,1.5773502588272095,1.5773502588272095
5.0,24.844182313,0.9301822781562805,2.045201539993286,0.8947256803512573,1.5773502588272095,1.5773502588272095,1.5773502588272095
5.0,24.946447868,0.9703332781791687,2.0544686317443848,0.9294513463973999,1.5773502588272095,1.5773502588272095,1.5773502588272095
5.0,25.049098881000003,1.0088783502578735,2.0591881275177,0.9658398032188416,1.5773502588272095,1.5773502588272095,1.5773502588272095
5.0,25.144835778,1.0487267971038818,2.062229871749878,1.0080089569091797,1.5773502588272095,1.5773502588272095,1.5773502588272095
5.0,25.248150519000003,1.0867197513580322,2.0598766803741455,1.0434550046920776,1.5773502588272095,1.5773502588272095,1.5773502588272095
5.0,25.34820934,1.1242003440856934,2.059621810913086,1.0860792398452759,1.5773502588272095,1.5773502588272095,1.5773502588272095
5.0,25.445215374,1.156617283821106,2.0521867275238037,1.118403434753418,1.5773502588272095,1.5773502588272095,1.5773502588272095
5.0,25.549066688,1.2057350873947144,2.049109697341919,1.1602295637130737,1.5773502588272095,1.5773502588272095,1.5773502588272095
5.0,25.644099415000003,1.2447483539581299,2.035508632659912,1.1873102188110352,1.5773502588272095,1.5773502588272095,1.5773502588272095
5.0,25.748154836,1.2759451866149902,2.015920639038086,1.228760838508606,1.5773502588272095,1.5773502588272095,1.5773502588272095
5.0,25.844019396,1.3005173206329346,1.989669919013977,1.2617119550704956,1.5773502588272095,1.5773502588272095,1.5773502588272095
5.0,25.944294813000003,1.3337607383728027,1.972076177597046,1.3000454902648926,1.5773502588272095,1.5773502588272095,1.5773502588272095
5.0,26.045126739,1.3686838150024414,1.9465957880020142,1.3360962867736816,1.5773502588272095,1.5773502588272095,1.5773502588272095
5.0,26.144281325,1.4043596982955933,1.9249886274337769,1.3590757846832275,0.4226497411727905,0.4226497411727905,0.4226497411727905
5.0,26.246281504000002,1.427075982093811,1.8967245817184448,1.3922933340072632,0.4226497411727905,0.4226497411727905,0.4226497411727905
5.0,26.343094328000003,1.452358365058899,1.8719596862792969,1.41182279586792,0.4226497411727905,0.4226497411727905,0.4226497411727905
5.0,26.446277767,1.4723705053329468,1.848858118057251,1.4196343421936035,0.4226497411727905,0.4226497411727905,0.4226497411727905
5.0,26.546261432,1.483811616897583,1.8248847723007202,1.4134087562561035,0.4226497411727905,0.4226497411727905,0.4226497411727905
5.0,26.645311228,1.487851619720459,1.8099735975265503,1.3955867290496826,0.4226497411727905,0.4226497411727905,0.4226497411727905
5.0,26.746242335,1.4873510599136353,1.8086408376693726,1.370491862297058,0.4226497411727905,0.4226497411727905,0.4226497411727905
5.0,26.846254151,1.4706629514694214,1.815673589706421,1.3514336347579956,0.4226497411727905,0.4226497411727905,0.4226497411727905
5.0,26.94630181,1.4504938125610352,1.8250426054000854,1.3196297883987427,0.4226497411727905,0.4226497411727905,0.4226497411727905
5.0,27.045109361,1.4276293516159058,1.8377469778060913,1.286302089691162,0.4226497411727905,0.4226497411727905,0.4226497411727905
5.0,27.146112035,1.4079265594482422,1.8503042459487915,1.249428629875183,0.4226497411727905,0.4226497411727905,0.4226497411727905
5.0,27.244212060000002,1.3774844408035278,1.8640499114990234,1.221846580505371,0.4226497411727905,0.4226497411727905,0.4226497411727905
5.0,27.343236172,1.3509453535079956,1.8832547664642334,1.1924402713775635,0.4226497411727905,0.4226497411727905,0.4226497411727905
5.0,27.444259657000003,1.3246101140975952,1.9028242826461792,1.1631792783737183,0.4226497411727905,0.4226497411727905,0.4226497411727905
5.0,27.548257301000003,1.3030720949172974,1.9202848672866821,1.1188076734542847,0.4226497411727905,0.4226497411727905,0.4226497411727905
5.0,27.645158273000003,1.2822505235671997,1.9407685995101929,1.0727953910827637,0.4226497411727905,0.4226497411727905,0.4226497411727905
5.0,27.745274635,1.252231478691101,1.966484546661377,1.0318310260772705,0.4226497411727905,0.4226497411727905,0.4226497411727905
5.0,27.845239733000003,1.227602243423462,1.9902191162109375,0.999779999256134,0.4226497411727905,0.4226497411727905,0.4226497411727905
5.0,27.943151154000002,1.1982979774475098,2.0088517665863037,0.9676532745361328,0.4226497411727905,0.4226497411727905,0.4226497411727905
5.0,28.043054512,1.166783332824707,2.0285561084747314,0.9372922778129578,0.4226497411727905,0.4226497411727905,0.4226497411727905
5.0,28.143248781,1.1502854824066162,2.0455799102783203,0.9001772403717041,0.4226497411727905,0.4226497411727905,0.4226497411727905
5.0,28.243219370000002,1.1106030941009521,2.0565106868743896,0.8591983318328857,0.4226497411727905,0.4226497411727905,0.4226497411727905
5.0,28.344230266,1.0842653512954712,2.0651559829711914,0.8267747759819031,0.4226497411727905,0.4226497411727905,0.4226497411727905
5.0,28.444220189000003,1.0432301759719849,2.065396308898926,0.7867864966392517,0.4226497411727905,0.4226497411727905,0.4226497411727905
5.0,28.543233973000003,0.9999369978904724,2.0592246055603027,0.7488333582878113,0.4226497411727905,0.4226497411727905,0.4226497411727905
5.0,28.642107007000003,0.9629325270652771,2.054511547088623,0.7169179320335388,0.4226497411727905,0.4226497411727905,0.4226497411727905
5.0,28.7461106,0.9240102171897888,2.0379350185394287,0.6783887147903442,0.4226497411727905,0.4226497411727905,0.4226497411727905
5.0,28.84212885,0.8862741589546204,2.025843381881714,0.6397894024848938,0.4226497411727905,0.4226497411727905,0.4226497411727905
5.0,28.943081399,0.849494218826294,2.0090198516845703,0.6103836297988892,0.4226497411727905,0.4226497411727905,0.4226497411727905
5.0,29.043301648000003,0.8134517669677734,1.9885141849517822,0.577603280544281,0.4226497411727905,0.4226497411727905,0.4226497411727905
5.0,29.143290064000002,0.7779901027679443,1.9678763151168823,0.5476348996162415,0.4226497411727905,0.4226497411727905,0.4226497411727905
5.0,29.244327360000003,0.7411757707595825,1.9409093856811523,0.5142806172370911,0.4226497411727905,0.4226497411727905,0.4226497411727905
5.0,29.34226332,0.7098007798194885,1.915345311164856,0.48281431198120117,0.4226497411727905,0.4226497411727905,0.4226497411727905
5.0,29.443037787,0.6711406111717224,1.881636142730713,0.45285269618034363,0.4226497411727905,0.4226497411727905,0.4226497411727905
5.0,29.543218482,0.6378557682037354,1.8456978797912598,0.4245615601539612,0.4226497411727905,0.4226497411727905,0.4226497411727905
5.0,29.643236802,0.607060968875885,1.8043808937072754,0.39727580547332764,0.4226497411727905,0.4226497411727905,0.4226497411727905
5.0,29.74217674,0.5798977613449097,1.764169454574585,0.3745112121105194,0.4226497411727905,0.4226497411727905,0.4226497411727905
5.0,29.842173380000002,0.5482441782951355,1.7167896032333374,0.3524623513221741,0.4226497411727905,0.4226497411727905,0.4226497411727905
5.0,29.943173282000004,0.520647406578064,1.6686147451400757,0.3274618089199066,0.4226497411727905,0.4226497411727905,0.4226497411727905
5.0,30.042262125,0.49602681398391724,1.6203521490097046,0.29936283826828003,0.4226497411727905,0.4226497411727905,0.4226497411727905
5.0,30.142187268,0.47552669048309326,1.5709500312805176,0.27105632424354553,0.4226497411727905,0.4226497411727905,0.4226497411727905
5.0,30.244220313000003,0.453613817691803,1.5203332901000977,0.24651943147182465,0.4226497411727905,0.4226497411727905,0.4226497411727905
5.0,30.342222638000003,0.42668136954307556,1.4778879880905151,0.2282893806695938,0.4226497411727905,0.4226497411727905,0.4226497411727905
5.0,30.444171693,0.40604543685913086,1.439664363861084,0.21908749639987946,0.4226497411727905,0.4226497411727905,0.4226497411727905
5.0,30.541146665000003,0.3822004497051239,1.398533582687378,0.2183232456445694,0.4226497411727905,0.4226497411727905,0.4226497411727905
5.0,30.642288175,0.3679754137992859,1.358839988708496,0.2200438678264618,0.4226497411727905,0.4226497411727905,0.4226497411727905
5.0,30.741142049,0.3482661545276642,1.3162972927093506,0.22057658433914185,0.4226497411727905,0.4226497411727905,0.4226497411727905
5.0,30.841300669000002,0.33522194623947144,1.2717763185501099,0.2195780724287033,0.4226497411727905,0.4226497411727905,0.4226497411727905
5.0,30.942145212000003,0.32411879301071167,1.2294554710388184,0.21406522393226624,0.4226497411727905,0.4226497411727905,0.4226497411727905
5.0,31.042169646,0.31981784105300903,1.183790683746338,0.21477873623371124,0.4226497411727905,0.4226497411727905,0.4226497411727905
5.0,31.14219754,0.31804409623146057,1.136314868927002,0.21681064367294312,0.4226497411727905,0.4226497411727905,0.4226497411727905
5.0,31.242179792,0.3147132098674774,1.0889137983322144,0.2175610512495041,0.4226497411727905,0.4226497411727905,0.4226497411727905
5.0,31.343205474,0.3113894462585449,1.036320447921753,0.22042107582092285,0.4226497411727905,0.4226497411727905,0.4226497411727905
5.0,31.442399068,0.3070278465747833,0.9825380444526672,0.2238636016845703,0.4226497411727905,0.4226497411727905,0.4226497411727905
5.0,31.544199798,0.306495726108551,0.9382184147834778,0.2335708737373352,0.4226497411727905,0.4226497411727905,0.4226497411727905
5.0,31.643131032000003,0.3030726909637451,0.8908365964889526,0.24122823774814606,0.4226497411727905,0.4226497411727905,0.4226497411727905
5.0,31.741187840000002,0.2987042963504791,0.8415369987487793,0.25369054079055786,0.4226497411727905,0.4226497411727905,0.4226497411727905
5.0,31.841119514000003,0.29642724990844727,0.7898069024085999,0.2677505314350128,0.4226497411727905,1.5773502588272095,0.4226497411727905
5.0,31.942097454000002,0.2969784736633301,0.7420331239700317,0.2830551862716675,0.4226497411727905,1.5773502588272095,0.4226497411727905
5.0,32.041173686,0.3032172620296478,0.6947076320648193,0.295179545879364,0.4226497411727905,1.5773502588272095,0.4226497411727905
5.0,32.140262746000005,0.3079058527946472,0.6536003351211548,0.30362024903297424,0.4226497411727905,1.5773502588272095,0.4226497411727905
5.0,32.243216798,0.309451162815094,0.6243836283683777,0.3024389445781708,0.4226497411727905,1.5773502588272095,0.4226497411727905
5.0,32.342220863,0.30766090750694275,0.6059961318969727,0.2959566116333008,0.4226497411727905,1.5773502588272095,0.4226497411727905
5.0,32.440252583,0.3018234074115753,0.6062746047973633,0.28365153074264526,0.4226497411727905,1.5773502588272095,0.4226497411727905
5.0,32.541271383,0.29267558455467224,0.6221742630004883,0.26934948563575745,0.4226497411727905,1.5773502588272095,0.4226497411727905
5.0,32.642281953,0.27783918380737305,0.6390399932861328,0.26172003149986267,0.4226497411727905,1.5773502588272095,0.4226497411727905
5.0,32.74117137,0.2708772122859955,0.6661908626556396,0.2642688453197479,0.4226497411727905,1.5773502588272095,0.4226497411727905
5.0,32.8412595,0.2604212462902069,0.7005352973937988,0.2613162100315094,0.4226497411727905,1.5773502588272095,0.4226497411727905
5.0,32.942483061000004,0.25348135828971863,0.7407652735710144,0.25817397236824036,0.4226497411727905,1.5773502588272095,0.4226497411727905
5.0,33.041217631,0.25406414270401,0.7872095704078674,0.2616589665412903,0.4226497411727905,1.5773502588272095,0.4226497411727905
5.0,33.140166678,0.257836252450943,0.8377553224563599,0.26550933718681335,0.4226497411727905,1.5773502588272095,0.4226497411727905
5.0,33.240264219000004,0.25643280148506165,0.8794333338737488,0.26257750391960144,0.4226497411727905,1.5773502588272095,0.4226497411727905
5.0,33.339105138,0.2576667070388794,0.9292518496513367,0.26372355222702026,0.4226497411727905,1.5773502588272095,0.4226497411727905
5.0,33.44021817,0.25816282629966736,0.9782880544662476,0.26505744457244873,0.4226497411727905,1.5773502588272095,0.4226497411727905
5.0,33.540189504000004,0.25955337285995483,1.0326851606369019,0.26770737767219543,0.4226497411727905,1.5773502588272095,0.4226497411727905
5.0,33.64122762,0.2599700391292572,1.0853110551834106,0.2817387282848358,0.4226497411727905,1.5773502588272095,0.4226497411727905
5.0,33.741062844000005,0.26970547437667847,1.1456586122512817,0.28926023840904236,0.4226497411727905,1.5773502588272095,0.4226497411727905
5.0,33.84008029,0.28575775027275085,1.208214521408081,0.29434332251548767,0.4226497411727905,0.4226497411727905,1.5773502588272095
5.0,33.939114123,0.2988944947719574,1.2706044912338257,0.30862852931022644,0.4226497411727905,0.4226497411727905,1.5773502588272095
5.0,34.04022942,0.2996554970741272,1.313518762588501,0.3340708017349243,0.4226497411727905,0.4226497411727905,1.5773502588272095
5.0,34.141273516000005,0.29946616291999817,1.3561782836914062,0.3517875373363495,0.4226497411727905,0.4226497411727905,1.5773502588272095
5.0,34.241331816,0.294615775346756,1.388339638710022,0.36393117904663086,0.4226497411727905,0.4226497411727905,1.5773502588272095
5.0,34.339172051000006,0.28689903020858765,1.4276361465454102,0.3789355754852295,0.4226497411727905,0.4226497411727905,1.5773502588272095
5.0,34.440296691,0.2671375870704651,1.4417200088500977,0.3991338908672333,0.4226497411727905,0.4226497411727905,1.5773502588272095
5.0,34.546286549,0.24535951018333435,1.4486602544784546,0.42791634798049927,0.4226497411727905,0.4226497411727905,1.5773502588272095
5.0,34.640230156,0.21853524446487427,1.4434770345687866,0.45373886823654175,0.4226497411727905,0.4226497411727905,1.5773502588272095
5.0,34.743304489,0.1866324096918106,1.4268102645874023,0.4798184335231781,0.4226497411727905,0.4226497411727905,1.5773502588272095
5.0,34.839139818,0.15725383162498474,1.402097225189209,0.4986088275909424,0.4226497411727905,0.4226497411727905,1.5773502588272095
5.0,34.938220846,0.13864485919475555,1.3728725910186768,0.5166818499565125,0.4226497411727905,0.4226497411727905,1.5773502588272095
5.0,35.039157391,0.11538395285606384,1.340023159980774,0.525794506072998,0.4226497411727905,0.4226497411727905,1.5773502588272095
5.0,35.139129036,0.09250533580780029,1.3107703924179077,0.5310211181640625,0.4226497411727905,0.4226497411727905,1.5773502588272095
5.0,35.238082013,0.07790971547365189,1.2927476167678833,0.5455542206764221,0.4226497411727905,0.4226497411727905,1.5773502588272095
5.0,35.340074883,0.0655493438243866,1.2800819873809814,0.5723809003829956,0.4226497411727905,0.4226497411727905,1.5773502588272095
5.0,35.43797235,0.05625154450535774,1.2641032934188843,0.609410285949707,0.4226497411727905,0.4226497411727905,1.5773502588272095
5.0,35.538036693,0.050648078322410583,1.249144434928894,0.6529701948165894,0.4226497411727905,0.4226497411727905,1.5773502588272095
5.0,35.638092172,0.04310208931565285,1.223305344581604,0.7122470736503601,0.4226497411727905,0.4226497411727905,1.5773502588272095
5.0,35.738050804000004,0.03211859241127968,1.1841627359390259,0.7769337892532349,0.4226497411727905,0.4226497411727905,1.5773502588272095
5.0,35.83926554,0.019107528030872345,1.1371079683303833,0.8401581645011902,0.4226497411727905,0.4226497411727905,1.5773502588272095
5.0,35.939327047,0.005718522239476442,1.0876880884170532,0.8880627155303955,0.4226497411727905,0.4226497411727905,1.5773502588272095
5.0,36.038183802,-0.004859862383455038,1.0398494005203247,0.9239828586578369,0.4226497411727905,0.4226497411727905,1.5773502588272095
5.0,36.13707927,-0.011622616089880466,0.9955658912658691,0.9615499973297119,0.4226497411727905,0.4226497411727905,1.5773502588272095
5.0,36.239170343000005,-0.016406212002038956,0.9526106715202332,0.9975671172142029,0.4226497411727905,0.4226497411727905,1.5773502588272095
5.0,36.339241587000004,-0.022402865812182426,0.9088919758796692,1.0339951515197754,0.4226497411727905,0.4226497411727905,1.5773502588272095
5.0,36.437166376,-0.020806588232517242,0.8725989460945129,1.0768994092941284,0.4226497411727905,0.4226497411727905,1.5773502588272095
5.0,36.537109552000004,-0.016959233209490776,0.8354349136352539,1.1213233470916748,0.4226497411727905,0.4226497411727905,1.5773502588272095
5.0,36.637134237000005,-0.0091862753033638,0.7987112402915955,1.1569631099700928,0.4226497411727905,0.4226497411727905,1.5773502588272095
5.0,36.737118980000005,-0.004550253972411156,0.7621869444847107,1.1830238103866577,0.4226497411727905,0.4226497411727905,1.5773502588272095
5.0,36.839247163,0.01180998794734478,0.726238489151001,1.2196431159973145,0.4226497411727905,0.4226497411727905,1.5773502588272095
5.0,36.937054907000004,0.02385060489177704,0.6859362125396729,1.2567793130874634,0.4226497411727905,0.4226497411727905,1.5773502588272095
5.0,37.038149656,0.04225756973028183,0.6493544578552246,1.2911641597747803,0.4226497411727905,0.4226497411727905,1.5773502588272095
5.0,37.138177524,0.0635301023721695,0.6163936257362366,1.3219178915023804,0.4226497411727905,0.4226497411727905,1.5773502588272095
5.0,37.239162570000005,0.08922552317380905,0.5905491709709167,1.3483141660690308,0.4226497411727905,0.4226497411727905,1.5773502588272095
5.0,37.337134448,0.11319297552108765,0.5649366974830627,1.3716132640838623,0.4226497411727905,0.4226497411727905,1.5773502588272095
5.0,37.438151959,0.1355871707201004,0.5331078171730042,1.4105167388916016,1.5773502588272095,1.5773502588272095,1.5773502588272095
5.0,37.539189893,0.17085415124893188,0.5077497363090515,1.4483815431594849,1.5773502588272095,1.5773502588272095,1.5773502588272095
5.0,37.637077590000004,0.20080725848674774,0.48265135288238525,1.482305645942688,1.5773502588272095,1.5773502588272095,1.5773502588272095
5.0,37.739114086,0.22825777530670166,0.4595966935157776,1.5103389024734497,1.5773502588272095,1.5773502588272095,1.5773502588272095
5.0,37.839161936,0.25880905985832214,0.4446370005607605,1.5358837842941284,1.5773502588272095,1.5773502588272095,1.5773502588272095
5.0,37.937090729000005,0.29088953137397766,0.43718159198760986,1.567439079284668,1.5773502588272095,1.5773502588272095,1.5773502588272095
5.0,38.036116588000006,0.3255021274089813,0.4370611310005188,1.6120800971984863,1.5773502588272095,1.5773502588272095,1.5773502588272095
5.0,38.137165815,0.35624244809150696,0.4451465606689453,1.6542237997055054,1.5773502588272095,1.5773502588272095,1.5773502588272095
5.0,38.238157434,0.38810282945632935,0.46178868412971497,1.6898305416107178,1.5773502588272095,1.5773502588272095,1.5773502588272095
5.0,38.338228817,0.41456106305122375,0.479430615901947,1.7176614999771118,1.5773502588272095,1.5773502588272095,1.5773502588272095
5.0,38.438217389,0.4428746700286865,0.5009591579437256,1.7388941049575806,1.5773502588272095,1.5773502588272095,1.5773502588272095
5.0,38.53816457,0.47257518768310547,0.5265758633613586,1.7661845684051514,1.5773502588272095,1.5773502588272095,1.5773502588272095
5.0,38.639287246,0.4989618957042694,0.5526619553565979,1.7983379364013672,1.5773502588272095,1.5773502588272095,1.5773502588272095
5.0,38.736170063,0.5329179167747498,0.5773415565490723,1.8299986124038696,1.5773502588272095,1.5773502588272095,1.5773502588272095
5.0,38.838186009000005,0.5665032863616943,0.6074153780937195,1.856534481048584,1.5773502588272095,1.5773502588272095,1.5773502588272095
5.0,38.938228059000004,0.6022948622703552,0.6411982774734497,1.8770266771316528,1.5773502588272095,1.5773502588272095,1.5773502588272095
5.0,39.036156002000006,0.6465746760368347,0.6771695613861084,1.8843097686767578,1.5773502588272095,1.5773502588272095,1.5773502588272095
5.0,39.13916566,0.6699809432029724,0.6996538639068604,1.9031435251235962,1.5773502588272095,1.5773502588272095,1.5773502588272095
5.0,39.236158365,0.7054731249809265,0.7283170819282532,1.9202680587768555,1.5773502588272095,1.5773502588272095,1.5773502588272095
5.0,39.336217160000004,0.7414171099662781,0.7586175799369812,1.9328503608703613,1.5773502588272095,1.5773502588272095,1.5773502588272095
5.0,39.436122949,0.7732706069946289,0.8007409572601318,1.9461232423782349,1.5773502588272095,1.5773502588272095,1.5773502588272095
5.0,39.537180352,0.8093844056129456,0.842729926109314,1.9536879062652588,1.5773502588272095,1.5773502588272095,1.5773502588272095
5.0,39.637179332,0.8471211791038513,0.8861614465713501,1.9571459293365479,1.5773502588272095,1.5773502588272095,1.5773502588272095
5.0,39.736106,0.8861657381057739,0.9289249181747437,1.9578697681427002,1.5773502588272095,1.5773502588272095,1.5773502588272095
5.0,39.837165758000005,0.9257966876029968,0.9696140885353088,1.9569523334503174,1.5773502588272095,1.5773502588272095,1.5773502588272095
5.0,39.937059089,0.9655011892318726,1.007983922958374,1.9545507431030273,1.5773502588272095,1.5773502588272095,1.5773502588272095
5.0,40.036187332000004,1.0049110651016235,1.0443873405456543,1.9504752159118652,1.5773502588272095,1.5773502588272095,1.5773502588272095
5.0,40.137149470000004,1.0439140796661377,1.0798070430755615,1.943996787071228,1.5773502588272095,1.5773502588272095,1.5773502588272095
5.0,40.235161947,1.0823800563812256,1.114882469177246,1.9346346855163574,1.5773502588272095,1.5773502588272095,1.5773502588272095
5.0,40.335115812000005,1.1202527284622192,1.1498233079910278,1.9227055311203003,1.5773502588272095,1.5773502588272095,1.5773502588272095
5.0,40.437155107,1.1572669744491577,1.1846272945404053,1.9080842733383179,1.5773502588272095,1.5773502588272095,1.5773502588272095
5.0,40.535149596000004,1.193381905555725,1.2197518348693848,1.892613410949707,1.5773502588272095,1.5773502588272095,1.5773502588272095
5.0,40.637065508,1.2291818857192993,1.2552878856658936,1.8756005764007568,1.5773502588272095,1.5773502588272095,1.5773502588272095
5.0,40.736163786000006,1.2650216817855835,1.2902395725250244,1.8545736074447632,1.5773502588272095,1.5773502588272095,1.5773502588272095
5.0,40.83400816,1.300999402999878,1.3234381675720215,1.8285672664642334,1.5773502588272095,1.5773502588272095,1.5773502588272095
5.0,40.935135353,1.3366165161132812,1.354625940322876,1.7986066341400146,1.5773502588272095,1.5773502588272095,1.5773502588272095
5.0,41.035187799,1.4002522230148315,1.3644919395446777,1.8347502946853638,0.4226497411727905,0.4226497411727905,0.4226497411727905
5.0,41.13514406,1.434980869293213,1.3906596899032593,1.81264328956604,0.4226497411727905,0.4226497411727905,0.4226497411727905
5.0,41.234925234,1.39260995388031,1.328758955001831,1.7453219890594482,0.4226497411727905,0.4226497411727905,0.4226497411727905
5.0,41.337076749000005,1.4213664531707764,1.358686923980713,1.7068612575531006,0.4226497411727905,0.4226497411727905,0.4226497411727905
5.0,41.437054713,1.4312118291854858,1.3771381378173828,1.6853582859039307,0.4226497411727905,0.4226497411727905,0.4226497411727905
5.0,41.535222844,1.4365016222000122,1.3920621871948242,1.6804620027542114,0.4226497411727905,0.4226497411727905,0.4226497411727905
5.0,41.637423892,1.4335031509399414,1.4062172174453735,1.6989270448684692,0.4226497411727905,0.4226497411727905,0.4226497411727905
5.0,41.73621494,1.4317667484283447,1.4217708110809326,1.7401379346847534,0.4226497411727905,0.4226497411727905,0.4226497411727905
5.0,41.836104642,1.4190726280212402,1.4244647026062012,1.786942958831787,0.4226497411727905,0.4226497411727905,0.4226497411727905
5.0,41.934046649,1.4115958213806152,1.4150201082229614,1.8271878957748413,0.4226497411727905,0.4226497411727905,0.4226497411727905
5.0,42.034909815000006,1.3995469808578491,1.4010286331176758,1.8575788736343384,0.4226497411727905,0.4226497411727905,0.4226497411727905
5.0,42.135964065,1.3850207328796387,1.3819485902786255,1.8719003200531006,0.4226497411727905,0.4226497411727905,0.4226497411727905
5.0,42.234938778,1.3696978092193604,1.3673678636550903,1.8891041278839111,0.4226497411727905,0.4226497411727905,0.4226497411727905
5.0,42.335138154,1.3454971313476562,1.341059923171997,1.9014122486114502,0.4226497411727905,0.4226497411727905,0.4226497411727905
5.0,42.434170022,1.309987187385559,1.311225175857544,1.9194191694259644,0.4226497411727905,0.4226497411727905,0.4226497411727905
5.0,42.535121151000006,1.2730064392089844,1.2831180095672607,1.935159683227539,0.4226497411727905,0.4226497411727905,0.4226497411727905
5.0,42.63512697,1.2251979112625122,1.2543779611587524,1.9529445171356201,0.4226497411727905,0.4226497411727905,0.4226497411727905
5.0,42.733204066000006,1.1791752576828003,1.2205817699432373,1.960664987564087,0.4226497411727905,0.4226497411727905,0.4226497411727905
5.0,42.833195851,1.1342839002609253,1.184035062789917,1.9623281955718994,0.4226497411727905,0.4226497411727905,0.4226497411727905
5.0,42.934220328,1.0918701887130737,1.145371913909912,1.960252046585083,0.4226497411727905,0.4226497411727905,0.4226497411727905
5.0,43.034142209,1.0519065856933594,1.1054561138153076,1.9568475484848022,0.4226497411727905,0.4226497411727905,0.4226497411727905
5.0,43.134979835,1.0137076377868652,1.0655555725097656,1.9543910026550293,0.4226497411727905,0.4226497411727905,0.4226497411727905
5.0,43.232378607,0.9762945771217346,1.0265663862228394,1.9510064125061035,0.4226497411727905,0.4226497411727905,0.4226497411727905
5.0,43.332916561000005,0.9390081167221069,0.9884653687477112,1.9459023475646973,0.4226497411727905,0.4226497411727905,0.4226497411727905
5.0,43.435148520000006,0.9017611742019653,0.9512250423431396,1.9375053644180298,0.4226497411727905,0.4226497411727905,0.4226497411727905
5.0,43.532170708,0.8649331331253052,0.9155718684196472,1.9266964197158813,0.4226497411727905,0.4226497411727905,0.4226497411727905
5.0,43.632070759,0.8303200006484985,0.8835246562957764,1.9167976379394531,0.4226497411727905,0.4226497411727905,0.4226497411727905
5.0,43.733082190000005,0.7997352480888367,0.8564877510070801,1.9105660915374756,0.4226497411727905,0.4226497411727905,0.4226497411727905
5.0,43.833882111,0.8488683104515076,0.9608427286148071,1.9164202213287354,0.4226497411727905,0.4226497411727905,0.4226497411727905
5.0,43.933066000000004,0.8805603384971619,0.9143921732902527,1.924336552619934,0.4226497411727905,0.4226497411727905,0.4226497411727905
5.0,44.033163938,0.8689491748809814,0.8920751214027405,1.92465341091156,0.4226497411727905,0.4226497411727905,0.4226497411727905
5.0,44.134169745,0.8387396931648254,0.8559040427207947,1.9230178594589233,0.4226497411727905,0.4226497411727905,0.4226497411727905
5.0,44.232121325,0.8091011047363281,0.8266607522964478,1.9163470268249512,0.4226497411727905,0.4226497411727905,0.4226497411727905
5.0,44.334237445,0.7791638970375061,0.8008600473403931,1.9119020700454712,0.4226497411727905,0.4226497411727905,0.4226497411727905
5.0,44.434177509,0.751029372215271,0.7915544509887695,1.908121943473816,0.4226497411727905,0.4226497411727905,0.4226497411727905
5.0,44.534162721,0.7377789616584778,0.7880589962005615,1.9097403287887573,0.4226497411727905,0.4226497411727905,0.4226497411727905
5.0,44.634170818,0.7279576659202576,0.7884114384651184,1.9092708826065063,0.4226497411727905,0.4226497411727905,0.4226497411727905
5.0,44.733136474000005,0.723286509513855,0.7903697490692139,1.9076669216156006,0.4226497411727905,0.4226497411727905,0.4226497411727905
5.0,44.833144502,0.7312665581703186,0.7917680740356445,1.9124623537063599,0.4226497411727905,0.4226497411727905,0.4226497411727905
5.0,44.934122272,0.7274437546730042,0.7889524102210999,1.9047863483428955,0.4226497411727905,0.4226497411727905,0.4226497411727905
5.0,45.034035815,0.7153803706169128,0.7800506353378296,1.8894777297973633,0.4226497411727905,0.4226497411727905,0.4226497411727905
5.0,45.132944987,0.6953286528587341,0.7651881575584412,1.8700398206710815,0.4226497411727905,0.4226497411727905,0.4226497411727905
5.0,45.233100595,0.6702165007591248,0.7458348274230957,1.849044919013977,0.4226497411727905,0.4226497411727905,0.4226497411727905
5.0,45.332190065000006,0.6007252335548401,0.679832935333252,1.8370493650436401,0.4226497411727905,0.4226497411727905,0.4226497411727905
5.0,45.437237439,0.5662583112716675,0.6500524878501892,1.8102988004684448,0.4226497411727905,0.4226497411727905,0.4226497411727905
5.0,45.533128323,0.5388079881668091,0.6245332360267639,1.7839561700820923,0.4226497411727905,0.4226497411727905,0.4226497411727905
5.0,45.632116027,0.5167399048805237,0.6027164459228516,1.752527117729187,0.4226497411727905,0.4226497411727905,0.4226497411727905
5.0,45.731902331,0.5036822557449341,0.5877436995506287,1.7262636423110962,0.4226497411727905,0.4226497411727905,0.4226497411727905
5.0,45.832196116000006,0.4913071393966675,0.5739151835441589,1.6918003559112549,0.4226497411727905,0.4226497411727905,0.4226497411727905
5.0,45.933066911000004,0.46983397006988525,0.5561237931251526,1.653692364692688,0.4226497411727905,0.4226497411727905,0.4226497411727905
5.0,46.031119627,0.4490198791027069,0.5312190055847168,1.6180130243301392,0.4226497411727905,0.4226497411727905,0.4226497411727905
5.0,46.132141413,0.4259102940559387,0.5114234685897827,1.5721181631088257,0.4226497411727905,0.4226497411727905,0.4226497411727905
5.0,46.231240713000005,0.4020904004573822,0.48502472043037415,1.5342128276824951,0.4226497411727905,0.4226497411727905,0.4226497411727905
5.0,46.33210064,0.3812650740146637,0.45931077003479004,1.4940446615219116,0.4226497411727905,0.4226497411727905,0.4226497411727905
5.0,46.431169305000004,0.3608021140098572,0.44325944781303406,1.4490634202957153,0.4226497411727905,0.4226497411727905,0.4226497411727905
5.0,46.536057234000005,0.34349486231803894,0.42382997274398804,1.4020671844482422,0.4226497411727905,0.4226497411727905,0.4226497411727905
5.0,46.636093653,0.32654571533203125,0.4032588005065918,1.3630471229553223,0.4226497411727905,0.4226497411727905,0.4226497411727905
5.0,46.734142945,0.3079090118408203,0.3837365508079529,1.3146947622299194,0.4226497411727905,0.4226497411727905,0.4226497411727905
5.0,46.831338147000004,0.3000108301639557,0.3697720468044281,1.2639100551605225,0.4226497411727905,0.4226497411727905,0.4226497411727905
5.0,46.931364613,0.28607767820358276,0.3516649901866913,1.2075090408325195,0.4226497411727905,0.4226497411727905,0.4226497411727905
5.0,47.032387892,0.2819623351097107,0.34254735708236694,1.1614410877227783,0.4226497411727905,0.4226497411727905,0.4226497411727905
5.0,47.131354961,0.268365740776062,0.3279576003551483,1.1147347688674927,0.4226497411727905,0.4226497411727905,0.4226497411727905
5.0,47.231079979,0.2677476108074188,0.3168525695800781,1.0725573301315308,0.4226497411727905,0.4226497411727905,0.4226497411727905
5.0,47.332970844,0.2647760212421417,0.307260662317276,1.0220698118209839,0.4226497411727905,0.4226497411727905,0.4226497411727905
5.0,47.431298471000005,0.25385576486587524,0.30086565017700195,0.9625593423843384,0.4226497411727905,0.4226497411727905,0.4226497411727905
5.0,47.533046313,0.2528475522994995,0.29378587007522583,0.9198193550109863,0.4226497411727905,0.4226497411727905,0.4226497411727905
5.0,47.632297759000004,0.2556467354297638,0.2865910530090332,0.865472137928009,0.4226497411727905,0.4226497411727905,0.4226497411727905
5.0,47.731113332,0.265607088804245,0.29245811700820923,0.8115897178649902,0.4226497411727905,0.4226497411727905,0.4226497411727905
5.0,47.830335616000006,0.2776632010936737,0.29372167587280273,0.7637040019035339,0.4226497411727905,0.4226497411727905,0.4226497411727905
5.0,47.9312697,0.28757375478744507,0.293702095746994,0.7249982953071594,0.4226497411727905,0.4226497411727905,0.4226497411727905
5.0,48.031390545,0.29578468203544617,0.29683077335357666,0.680773913860321,1.5773502588272095,1.5773502588272095,1.5773502588272095
5.0,48.131118638000004,0.3008749186992645,0.2989863157272339,0.6376983523368835,1.5773502588272095,1.5773502588272095,1.5773502588272095
5.0,48.229255189,0.3069021999835968,0.3044280409812927,0.6028492450714111,1.5773502588272095,1.5773502588272095,1.5773502588272095
5.0,48.33040012,0.3133264482021332,0.31206178665161133,0.5806304812431335,1.5773502588272095,1.5773502588272095,1.5773502588272095
5.0,48.434298536,0.3172470033168793,0.3217882513999939,0.5677664279937744,1.5773502588272095,1.5773502588272095,1.5773502588272095
5.0,48.531212589000006,0.3271741271018982,0.3296435475349426,0.5870534777641296,1.5773502588272095,1.5773502588272095,1.5773502588272095
5.0,48.634211989,0.31988173723220825,0.3287092447280884,0.6330850124359131,1.5773502588272095,1.5773502588272095,1.5773502588272095
5.0,48.733079993000004,0.30970674753189087,0.323396772146225,0.6850985884666443,1.5773502588272095,1.5773502588272095,1.5773502588272095
5.0,48.833042808,0.29861894249916077,0.31695178151130676,0.7288633584976196,1.5773502588272095,1.5773502588272095,1.5773502588272095
5.0,48.931281353,0.2850545644760132,0.30533549189567566,0.7796427011489868,1.5773502588272095,1.5773502588272095,1.5773502588272095
5.0,49.033198477000006,0.2805961072444916,0.2991243600845337,0.8198261260986328,1.5773502588272095,1.5773502588272095,1.5773502588272095
5.0,49.129190472000005,0.26818737387657166,0.29088953137397766,0.8531395196914673,1.5773502588272095,1.5773502588272095,1.5773502588272095
5.0,49.231366889,0.26072895526885986,0.28991279006004333,0.9055795669555664,1.5773502588272095,1.5773502588272095,1.5773502588272095
5.0,49.331321403000004,0.26213476061820984,0.2893570065498352,0.96533203125,1.5773502588272095,1.5773502588272095,1.5773502588272095
5.0,49.431188486,0.250628799200058,0.28879183530807495,1.0158482789993286,1.5773502588272095,1.5773502588272095,1.5773502588272095
5.0,49.531337575,0.24667885899543762,0.290689617395401,1.0616694688796997,1.5773502588272095,1.5773502588272095,1.5773502588272095
5.0,49.631264928,0.2505594789981842,0.2857584059238434,1.1060911417007446,1.5773502588272095,1.5773502588272095,1.5773502588272095
5.0,49.729229246,0.2499852478504181,0.28539755940437317,1.146589756011963,1.5773502588272095,1.5773502588272095,1.5773502588272095
5.0,49.830325863000006,0.25117483735084534,0.2895932197570801,1.199141025543213,1.5773502588272095,1.5773502588272095,1.5773502588272095
5.0,49.929279549,0.253137469291687,0.29586705565452576,1.2542011737823486,1.5773502588272095,1.5773502588272095,1.5773502588272095
5.0,50.034196800000004,0.2573550045490265,0.31083375215530396,1.3098455667495728,1.5773502588272095,1.5773502588272095,1.5773502588272095
5.0,50.13037079,0.2696886360645294,0.3255816400051117,1.3647154569625854,1.5773502588272095,1.5773502588272095,1.5773502588272095
5.0,50.229274976000006,0.2835436463356018,0.34427011013031006,1.4013843536376953,1.5773502588272095,1.5773502588272095,1.5773502588272095
5.0,50.330341946000004,0.2946057617664337,0.35545507073402405,1.437256097793579,1.5773502588272095,1.5773502588272095,1.5773502588272095
5.0,50.430324668000004,0.30361390113830566,0.3722854554653168,1.4844228029251099,1.5773502588272095,1.5773502588272095,1.5773502588272095
5.0,50.531218939000006,0.3177740275859833,0.3885527551174164,1.5292409658432007,1.5773502588272095,1.5773502588272095,1.5773502588272095
5.0,50.630181294,0.3326137065887451,0.4064662456512451,1.5725011825561523,1.5773502588272095,1.5773502588272095,1.5773502588272095
5.0,50.729084716,0.35849931836128235,0.42834359407424927,1.6099528074264526,1.5773502588272095,1.5773502588272095,1.5773502588272095
5.0,50.830311977,0.3818777799606323,0.45172354578971863,1.6406735181808472,1.5773502588272095,1.5773502588272095,1.5773502588272095
5.0,50.930186236000004,0.406829297542572,0.4773823916912079,1.6661087274551392,1.5773502588272095,1.5773502588272095,1.5773502588272095
5.0,51.030383084,0.44070926308631897,0.5108538269996643,1.7115987539291382,1.5773502588272095,1.5773502588272095,1.5773502588272095
5.0,51.12937506,0.4565241038799286,0.5293182134628296,1.7580194473266602,1.5773502588272095,1.5773502588272095,1.5773502588272095
5.0,51.229390633,0.48209813237190247,0.5564150214195251,1.7814868688583374,1.5773502588272095,1.5773502588272095,1.5773502588272095
5.0,51.330324224,0.5206044912338257,0.5947492122650146,1.805347204208374,1.5773502588272095,1.5773502588272095,1.5773502588272095
5.0,51.430211855,0.5560289621353149,0.6298355460166931,1.82499361038208,1.5773502588272095,1.5773502588272095,1.5773502588272095
5.0,51.530431988000004,0.5579355955123901,0.6304290294647217,1.8531765937805176,1.5773502588272095,1.5773502588272095,1.5773502588272095
5.0,51.62726240200001,0.5854095816612244,0.6566488742828369,1.87675142288208,1.5773502588272095,1.5773502588272095,1.5773502588272095
5.0,51.728226788,0.6160550713539124,0.6865736842155457,1.891979455947876,1.5773502588272095,1.5773502588272095,1.5773502588272095
5.0,51.830365071,0.6523904800415039,0.7204450368881226,1.9071571826934814,1.5773502588272095,1.5773502588272095,1.5773502588272095
5.0,51.930366338000006,0.6915220618247986,0.7594529390335083,1.9256106615066528,1.5773502588272095,1.5773502588272095,1.5773502588272095
5.0,52.029368108,0.7330812811851501,0.8008261322975159,1.9384585618972778,1.5773502588272095,1.5773502588272095,1.5773502588272095
5.0,52.127403137,0.775111198425293,0.842414915561676,1.9475091695785522,1.5773502588272095,1.5773502588272095,1.5773502588272095
5.0,52.229376207,0.8161996006965637,0.882683515548706,1.9528305530548096,1.5773502588272095,1.5773502588272095,1.5773502588272095
5.0,52.329328355,0.855741560459137,0.920920193195343,1.955593466758728,1.5773502588272095,1.5773502588272095,1.5773502588272095
5.0,52.428431715,0.8939436674118042,0.9574015140533447,1.957375407218933,1.5773502588272095,1.5773502588272095,1.5773502588272095
5.0,52.527294057000006,0.9312447905540466,0.9924831390380859,1.9581844806671143,1.5773502588272095,1.5773502588272095,1.5773502588272095
5.0,52.628299017,0.9684536457061768,1.0265324115753174,1.9576067924499512,1.5773502588272095,1.5773502588272095,1.5773502588272095
5.0,52.726341231000006,1.006142020225525,1.0601385831832886,1.9548804759979248,1.5773502588272095,1.5773502588272095,1.5773502588272095
5.0,52.828318562,1.0447217226028442,1.0939807891845703,1.948983907699585,1.5773502588272095,1.5773502588272095,1.5773502588272095
5.0,52.92827479,1.0836448669433594,1.1282408237457275,1.9386537075042725,1.5773502588272095,1.5773502588272095,1.5773502588272095
5.0,53.028333044,1.1222182512283325,1.1631120443344116,1.9249157905578613,1.5773502588272095,1.5773502588272095,1.5773502588272095
5.0,53.128449692000004,1.159617304801941,1.198075532913208,1.9095468521118164,1.5773502588272095,1.5773502588272095,1.5773502588272095
5.0,53.228219730000006,1.1955795288085938,1.2326984405517578,1.8925576210021973,1.5773502588272095,1.5773502588272095,1.5773502588272095
5.0,53.328276479,1.2303273677825928,1.2665038108825684,1.8738203048706055,1.5773502588272095,1.5773502588272095,1.5773502588272095
5.0,53.427401734,1.2639062404632568,1.2994056940078735,1.8539061546325684,1.5773502588272095,1.5773502588272095,1.5773502588272095
5.0,53.530400903,1.2975690364837646,1.3325090408325195,1.8338373899459839,1.5773502588272095,1.5773502588272095,1.5773502588272095
5.0,53.626428347,1.2349183559417725,1.3269892930984497,1.8672744035720825,1.5773502588272095,1.5773502588272095,1.5773502588272095
5.0,53.726267208,1.2621203660964966,1.3481451272964478,1.8216875791549683,1.5773502588272095,0.4226497411727905,1.5773502588272095
5.0,53.826388273000006,1.2580831050872803,1.348828911781311,1.7791906595230103,1.5773502588272095,0.4226497411727905,1.5773502588272095
5.0,53.929428290000004,1.295225739479065,1.3771899938583374,1.7346299886703491,1.5773502588272095,0.4226497411727905,1.5773502588272095
5.0,54.028333729,1.360793948173523,1.4319206476211548,1.7104309797286987,1.5773502588272095,0.4226497411727905,1.5773502588272095
5.0,54.128351899,1.4113636016845703,1.4621520042419434,1.6953939199447632,1.5773502588272095,0.4226497411727905,1.5773502588272095
5.0,54.228316497,1.4608830213546753,1.47998046875,1.6950466632843018,1.5773502588272095,0.4226497411727905,1.5773502588272095
5.0,54.328182322,1.490792155265808,1.4822636842727661,1.7090466022491455,1.5773502588272095,0.4226497411727905,1.5773502588272095
5.0,54.426376913000006,1.5235639810562134,1.4706342220306396,1.7221134901046753,1.5773502588272095,0.4226497411727905,1.5773502588272095
5.0,54.528364072,1.5476847887039185,1.4540553092956543,1.7350420951843262,1.5773502588272095,0.4226497411727905,1.5773502588272095
5.0,54.628443094000005,1.5719285011291504,1.4200993776321411,1.7301490306854248,1.5773502588272095,0.4226497411727905,1.5773502588272095
5.0,54.727242962000005,1.5997314453125,1.3909951448440552,1.7291550636291504,1.5773502588272095,0.4226497411727905,1.5773502588272095
5.0,54.826186282,1.6203761100769043,1.3565043210983276,1.7252286672592163,1.5773502588272095,0.4226497411727905,1.5773502588272095
5.0,54.926404755,1.6392593383789062,1.3372176885604858,1.718766689300537,1.5773502588272095,0.4226497411727905,1.5773502588272095
5.0,55.027454136,1.6511173248291016,1.3186120986938477,1.7162806987762451,1.5773502588272095,0.4226497411727905,1.5773502588272095
5.0,55.130418822,1.6563324928283691,1.3025645017623901,1.7206777334213257,1.5773502588272095,0.4226497411727905,1.5773502588272095
5.0,55.226467483,1.660102128982544,1.29245126247406,1.7227429151535034,1.5773502588272095,0.4226497411727905,1.5773502588272095
5.0,55.327408771,1.6631865501403809,1.286707878112793,1.7244317531585693,1.5773502588272095,0.4226497411727905,1.5773502588272095
5.0,55.427458033,1.6649893522262573,1.2823283672332764,1.7251732349395752,1.5773502588272095,0.4226497411727905,1.5773502588272095
5.0,55.528427495,1.6705949306488037,1.2683769464492798,1.7312315702438354,1.5773502588272095,0.4226497411727905,1.5773502588272095
5.0,55.629264068000005,1.6767127513885498,1.2608306407928467,1.7319375276565552,1.5773502588272095,0.4226497411727905,1.5773502588272095
5.0,55.727287322,1.6821061372756958,1.2510160207748413,1.733392596244812,1.5773502588272095,0.4226497411727905,1.5773502588272095
5.0,55.825351085,1.6842857599258423,1.2392328977584839,1.7355632781982422,1.5773502588272095,0.4226497411727905,1.5773502588272095
5.0,55.926357512,1.6879547834396362,1.2310329675674438,1.7353575229644775,1.5773502588272095,0.4226497411727905,1.5773502588272095
5.0,56.026301955,1.6893013715744019,1.2249808311462402,1.733382225036621,1.5773502588272095,0.4226497411727905,1.5773502588272095
5.0,56.128371697000006,1.6890294551849365,1.2217100858688354,1.7321834564208984,1.5773502588272095,0.4226497411727905,1.5773502588272095
5.0,56.225216437,1.6871891021728516,1.2184537649154663,1.7313792705535889,1.5773502588272095,0.4226497411727905,1.5773502588272095
5.0,56.327337936000006,1.6856598854064941,1.2156481742858887,1.7316864728927612,1.5773502588272095,0.4226497411727905,1.5773502588272095
5.0,56.427384739000004,1.6847859621047974,1.2150962352752686,1.7331448793411255,1.5773502588272095,0.4226497411727905,1.5773502588272095
5.0,56.526500342000006,1.683052897453308,1.2129820585250854,1.7320092916488647,1.5773502588272095,0.4226497411727905,1.5773502588272095
5.0,56.62627143900001,1.6820183992385864,1.2109458446502686,1.730892300605774,1.5773502588272095,0.4226497411727905,1.5773502588272095
5.0,56.727285267000006,1.6835323572158813,1.2046869993209839,1.7313265800476074,1.5773502588272095,0.4226497411727905,1.5773502588272095
5.0,56.826309962,1.682577133178711,1.1985573768615723,1.7330774068832397,1.5773502588272095,0.4226497411727905,1.5773502588272095
5.0,56.924410696,1.6835066080093384,1.1903036832809448,1.733297348022461,1.5773502588272095,0.4226497411727905,1.5773502588272095
5.0,57.025346487,1.6835523843765259,1.1818684339523315,1.7332279682159424,1.5773502588272095,0.4226497411727905,1.5773502588272095
5.0,57.124241793,1.686112642288208,1.1802822351455688,1.7347241640090942,1.5773502588272095,0.4226497411727905,1.5773502588272095
5.0,57.225363904000005,1.6857186555862427,1.1762359142303467,1.7344368696212769,1.5773502588272095,0.4226497411727905,1.5773502588272095
5.0,57.325297187000004,1.6843599081039429,1.1723347902297974,1.736680030822754,1.5773502588272095,0.4226497411727905,1.5773502588272095
5.0,57.423369461,1.6827863454818726,1.1696772575378418,1.7361574172973633,1.5773502588272095,0.4226497411727905,1.5773502588272095
5.0,57.524414701000005,1.681175708770752,1.1681514978408813,1.734559416770935,1.5773502588272095,0.4226497411727905,1.5773502588272095
5.0,57.624554365,1.6794919967651367,1.1659772396087646,1.7346121072769165,1.5773502588272095,0.4226497411727905,1.5773502588272095
5.0,57.724750069,1.67868173122406,1.1634100675582886,1.733944296836853,1.5773502588272095,0.4226497411727905,1.5773502588272095
5.0,57.825444758,1.6771646738052368,1.1585726737976074,1.7355570793151855,1.5773502588272095,0.4226497411727905,1.5773502588272095
5.0,57.92632686100001,1.6770591735839844,1.151947259902954,1.7345086336135864,1.5773502588272095,0.4226497411727905,1.5773502588272095
5.0,58.024549288,1.6764544248580933,1.1463298797607422,1.7335721254348755,1.5773502588272095,0.4226497411727905,1.5773502588272095
5.0,58.123384814000005,1.6758275032043457,1.1369233131408691,1.736733078956604,0.0,0.0,0.0
5.0,58.225504659,1.676943302154541,1.1306942701339722,1.7352691888809204,0.0,0.0,0.0
5.0,58.325475328,1.6804594993591309,1.127389907836914,1.729055643081665,0.0,0.0,0.0
5.0,58.423455825000005,1.6848549842834473,1.1294963359832764,1.7159384489059448,0.0,0.0,0.0
5.0,58.523569614,1.6912273168563843,1.1333584785461426,1.7011981010437012,0.0,0.0,0.0
5.0,58.624436756,1.6976906061172485,1.1351690292358398,1.685970425605774,0.0,0.0,0.0
5.0,58.725373869,1.7012760639190674,1.138382077217102,1.664505124092102,0.0,0.0,0.0
5.0,58.825425748,1.7094147205352783,1.1359243392944336,1.6334283351898193,0.0,0.0,0.0
5.0,58.92358973100001,1.7130837440490723,1.1370000839233398,1.5829589366912842,0.0,0.0,0.0
5.0,59.025482021,1.7167730331420898,1.1385972499847412,1.514797568321228,0.0,0.0,0.0
5.0,59.12732509000001,1.7230169773101807,1.1364587545394897,1.4311972856521606,0.0,0.0,0.0
5.0,59.222452459,1.7230439186096191,1.1386613845825195,1.3342481851577759,0.0,0.0,0.0
5.0,59.324448328,1.7240623235702515,1.1384156942367554,1.2312427759170532,0.0,0.0,0.0
5.0,59.424410479,1.726747989654541,1.1363993883132935,1.123044490814209,0.0,0.0,0.0
5.0,59.533401668,1.7259560823440552,1.1349786520004272,1.0104421377182007,0.0,0.0,0.0
5.0,59.62756068,1.724596619606018,1.1381577253341675,0.8917254209518433,0.0,0.0,0.0
5.0,59.72256951600001,1.7250007390975952,1.1398680210113525,0.7676919102668762,0.0,0.0,0.0
5.0,59.824616108,1.7267849445343018,1.1344144344329834,0.6442679166793823,0.0,0.0,0.0
5.0,59.92439482300001,1.7242621183395386,1.134159803390503,0.5323968529701233,0.0,0.0,0.0
5.0,60.024372825,1.7185430526733398,1.1310808658599854,0.42946043610572815,0.0,0.0,0.0
5.0,60.124191237000005,1.714401364326477,1.13215970993042,0.33489975333213806,0.0,0.0,0.0
5.0,60.222300652,1.717559576034546,1.1296563148498535,0.251199871301651,0.0,0.0,0.0
5.0,60.322467202000006,1.7154409885406494,1.1256530284881592,0.1859184205532074,0.0,0.0,0.0
5.0,60.423351485000005,1.7164069414138794,1.121009349822998,0.13968181610107422,0.0,0.0,0.0
5.0,60.529408125,1.722105622291565,1.1199005842208862,0.1151517853140831,0.0,0.0,0.0
5.0,60.626398994000006,1.7267744541168213,1.1175187826156616,0.09452281892299652,0.0,0.0,0.0
5.0,60.721321678,1.7302550077438354,1.109513282775879,0.07729149609804153,0.0,0.0,0.0
5.0,60.823357346,1.7309322357177734,1.1030027866363525,0.06603378802537918,0.0,0.0,0.0
5.0,60.924351751,1.731709599494934,1.1018487215042114,0.0631767213344574,0.0,0.0,0.0
5.0,61.024367275,1.731501817703247,1.1040958166122437,0.06125747039914131,0.0,0.0,0.0
5.0,61.124400259000005,1.7292720079421997,1.108034372329712,0.05788030847907066,0.0,0.0,0.0
5.0,61.221412909,1.7318741083145142,1.1166408061981201,0.05096312612295151,0.0,0.0,0.0
5.0,61.323356617,1.7311019897460938,1.1214838027954102,0.010147389024496078,0.0,0.0,0.0
5.0,61.422435732000004,1.7326494455337524,1.1256181001663208,-0.0012064969632774591,0.0,0.0,0.0
5.0,61.523404554,1.7314491271972656,1.125849723815918,0.003193232463672757,0.0,0.0,0.0
5.0,61.622379362000004,1.735023856163025,1.1318708658218384,0.004231537226587534,0.0,0.0,0.0
5.0,61.72222261500001,1.738276481628418,1.1322823762893677,-0.007347967475652695,0.0,0.0,0.0
5.0,61.825463912000004,1.7286571264266968,1.1245356798171997,-0.0019496963359415531,0.0,0.0,0.0
5.0,61.924259773,1.728971004486084,1.1236666440963745,0.00014301516057457775,0.0,0.0,0.0
5.0,62.02242419700001,1.7305705547332764,1.1247202157974243,0.0009726493153721094,0.0,0.0,0.0
5.0,62.123353088,1.7310901880264282,1.1253151893615723,-0.004011888522654772,0.0,0.0,0.0
5.0,62.221260791000006,1.7288928031921387,1.1238161325454712,0.0009758921223692596,0.0,0.0,0.0
5.0,62.321366988,1.7288950681686401,1.12317955493927,0.0005527311004698277,0.0,0.0,0.0
5.0,62.421446299,1.7280110120773315,1.1231154203414917,0.0005882674595341086,0.0,0.0,0.0
5.0,62.52045854200001,1.7284317016601562,1.1222277879714966,0.00011044125130865723,0.0,0.0,0.0
5.0,62.621504278,1.72830331325531,1.1210756301879883,-0.0015402507269755006,0.0,0.0,0.0
5.0,62.722371905,1.7307753562927246,1.123496413230896,0.0008043410489335656,0.0,0.0,0.0
5.0,62.821509206,1.7294514179229736,1.123138666152954,0.0021288578864187002,0.0,0.0,0.0
5.0,62.923333662000005,1.7295206785202026,1.1227768659591675,0.000811312347650528,0.0,0.0,0.0
5.0,63.02116516,1.726656436920166,1.1210776567459106,-0.0013730847276747227,0.0,0.0,0.0
5.0,63.121427504,1.7268779277801514,1.1192870140075684,-0.003346339799463749,0.0,0.0,0.0
5.0,63.221227607,1.7294164896011353,1.1217204332351685,9.503917681286111e-05,0.0,0.0,0.0
5.0,63.321480001000005,1.7286405563354492,1.1205368041992188,0.0019252479542046785,0.0,0.0,0.0
5.0,63.420376738,1.7307732105255127,1.120057225227356,0.0017859390936791897,0.0,0.0,0.0
5.0,63.520337973000004,1.7283148765563965,1.1160212755203247,0.0035872524604201317,0.0,0.0,0.0
5.0,63.620096885,1.7199186086654663,1.1113171577453613,0.0017896080389618874,0.0,0.0,0.0
5.0,63.722178555000006,1.7270008325576782,1.1172597408294678,-0.0031046352814882994,0.0,0.0,0.0
5.0,63.821330699,1.7254923582077026,1.115679144859314,-0.0005964224692434072,0.0,0.0,0.0
5.0,63.921128184000004,1.7290911674499512,1.1210054159164429,0.0014450408052653074,0.0,0.0,0.0
5.0,64.022397993,1.7262743711471558,1.1185652017593384,0.0011067284503951669,0.0,0.0,0.0
5.0,64.12231588600001,1.7265597581863403,1.1175590753555298,-0.0013817630242556334,0.0,0.0,0.0
5.0,64.221171719,1.7296993732452393,1.1225193738937378,0.0016280622221529484,0.0,0.0,0.0
5.0,64.321229895,1.7288706302642822,1.1217384338378906,0.0001815127907320857,0.0,0.0,0.0
5.0,64.42028566500001,1.7271403074264526,1.120642900466919,0.00013491977006196976,0.0,0.0,0.0
5.0,64.52015984500001,1.729529857635498,1.1222797632217407,-0.0026296426076442003,0.0,0.0,0.0
5.0,64.620190457,1.7286961078643799,1.1213057041168213,0.0006041047163307667,0.0,0.0,0.0
5.0,64.719192391,1.7288445234298706,1.1218096017837524,0.0017755606677383184,0.0,0.0,0.0
5.0,64.820207834,1.7288994789123535,1.1214414834976196,0.0018497753189876676,0.0,0.0,0.0
5.0,64.919155832,1.7304126024246216,1.1234114170074463,4.609778989106417e-05,0.0,0.0,0.0
5.0,65.019008282,1.7301782369613647,1.1228013038635254,-0.004683741368353367,0.0,0.0,0.0
5.0,65.122100008,1.7299898862838745,1.1231881380081177,0.0013464582152664661,0.0,0.0,0.0
5.0,65.21919324000001,1.7282655239105225,1.1223254203796387,-0.0002448796294629574,0.0,0.0,0.0
5.0,65.31924110300001,1.7300455570220947,1.1239211559295654,0.00015864791930653155,0.0,0.0,0.0
5.0,65.421218726,1.7288882732391357,1.121881127357483,0.0006672285380773246,0.0,0.0,0.0
5.0,65.51806684600001,1.7303670644760132,1.124578595161438,0.001498970901593566,0.0,0.0,0.0
5.0,65.619257312,1.729579210281372,1.1240185499191284,0.0017805956304073334,0.0,0.0,0.0
5.0,65.720232216,1.7292556762695312,1.124028205871582,0.0006177459144964814,0.0,0.0,0.0
5.0,65.82132171500001,1.7295390367507935,1.1244934797286987,-0.00011519476538524032,0.0,0.0,0.0
5.0,65.921161194,1.7287380695343018,1.124393343925476,8.852541213855147e-05,0.0,0.0,0.0
5.0,66.01930038900001,1.7282973527908325,1.1208642721176147,-0.0006757974624633789,0.0,0.0,0.0
5.0,66.123333781,1.7284626960754395,1.1213326454162598,0.0013227937743067741,0.0,0.0,0.0
5.0,66.22023089800001,1.7285128831863403,1.1220852136611938,0.0013702086871489882,0.0,0.0,0.0
5.0,66.320246057,1.7278556823730469,1.1204887628555298,-0.0010453772265464067,0.0,0.0,0.0
5.0,66.418262626,1.7284679412841797,1.121405839920044,-0.0007945693214423954,0.0,0.0,0.0
5.0,66.518415687,1.72865891456604,1.121278166770935,0.0004899257328361273,0.0,0.0,0.0
5.0,66.619350215,1.7301276922225952,1.1235923767089844,0.0018929941579699516,0.0,0.0,0.0
5.0,66.717482594,1.7287043333053589,1.1239674091339111,0.0006031760713085532,0.0,0.0,0.0
5.0,66.81941192800001,1.728164553642273,1.1213637590408325,-2.11555598070845e-05,0.0,0.0,0.0
5.0,66.91943120500001,1.72636878490448,1.1197586059570312,-0.0018934436375275254,0.0,0.0,0.0
5.0,67.020478643,1.7294672727584839,1.1230381727218628,0.0013525410322472453,0.0,0.0,0.0
5.0,67.12037907,1.7291043996810913,1.1222835779190063,0.0018033585511147976,0.0,0.0,0.0
5.0,67.21942563,1.730349063873291,1.124383568763733,0.0037672058679163456,0.0,0.0,0.0
5.0,67.319315383,1.7287386655807495,1.1218093633651733,0.0006366471643559635,0.0,0.0,0.0
5.0,67.418419794,1.7266919612884521,1.1207175254821777,-0.002040908206254244,0.0,0.0,0.0
5.0,67.51947098000001,1.7301185131072998,1.1238789558410645,0.00030926777981221676,0.0,0.0,0.0
5.0,67.62041283900001,1.730128288269043,1.1241207122802734,0.0008204263285733759,0.0,0.0,0.0
5.0,67.71735393200001,1.7292311191558838,1.122383713722229,0.0012490362860262394,0.0,0.0,0.0
5.0,67.819299373,1.7285709381103516,1.1218955516815186,0.0018284698016941547,0.0,0.0,0.0
5.0,67.918391517,1.7288439273834229,1.1215661764144897,0.001684846356511116,0.0,0.0,0.0
5.0,68.018155615,1.7288877964019775,1.1217617988586426,0.0018480314174667,0.0,0.0,0.0
5.0,68.12117758800001,1.7319636344909668,1.1259881258010864,0.0017860843800008297,0.0,0.0,0.0
5.0,68.217365845,1.7305994033813477,1.1243510246276855,0.001966083887964487,0.0,0.0,0.0
5.0,68.319458018,1.7293707132339478,1.1226050853729248,0.0027906091418117285,0.0,0.0,0.0
5.0,68.416265522,1.7283267974853516,1.1220409870147705,0.0017162327421829104,0.0,0.0,0.0
5.0,68.519585692,1.728548526763916,1.1242402791976929,-0.0004069045535288751,0.0,0.0,0.0
5.0,68.61817595000001,1.727951169013977,1.122387170791626,-0.0022640179377049208,0.0,0.0,0.0
5.0,68.72150049700001,1.7299463748931885,1.123384714126587,0.0017374451272189617,0.0,0.0,0.0
5.0,68.81848402,1.7282421588897705,1.1214426755905151,0.0006231421721167862,0.0,0.0,0.0
5.0,68.920455569,1.728782296180725,1.1218476295471191,0.000917820434551686,0.0,0.0,0.0
5.0,69.01740938600001,1.728805661201477,1.1219485998153687,0.000830418081022799,0.0,0.0,0.0
5.0,69.117459435,1.728267788887024,1.1211721897125244,-0.0004943739040754735,0.0,0.0,0.0
5.0,69.216140933,1.7285341024398804,1.121333122253418,0.00032351372647099197,0.0,0.0,0.0
5.0,69.317207538,1.7308990955352783,1.1247074604034424,0.0011410530423745513,0.0,0.0,0.0
5.0,69.417191195,1.7291529178619385,1.1221840381622314,0.0015846594469621778,0.0,0.0,0.0
5.0,69.51662226100001,1.7283183336257935,1.1224861145019531,0.0005445262650027871,0.0,0.0,0.0
5.0,69.61654486500001,1.7306492328643799,1.1257838010787964,0.0016253101639449596,0.0,0.0,0.0
5.0,69.71658223600001,1.7284753322601318,1.122389793395996,0.0008349694544449449,0.0,0.0,0.0
5.0,69.81839218900001,1.7284356355667114,1.121020793914795,-0.0008234947454184294,0.0,0.0,0.0
5.0,69.917478876,1.7295783758163452,1.1226019859313965,0.0010046063689514995,0.0,0.0,0.0
5.0,70.01735295900001,1.7289098501205444,1.1218986511230469,0.0012473524548113346,0.0,0.0,0.0
5.0,70.11543659,1.72791588306427,1.1205745935440063,-0.0010121020022779703,0.0,0.0,0.0
5.0,70.21853359800001,1.7298798561096191,1.1237329244613647,0.002066558925434947,0.0,0.0,0.0
5.0,70.31619721300001,1.728804588317871,1.1219640970230103,0.002185661345720291,0.0,0.0,0.0
5.0,70.415545498,1.7283459901809692,1.1213632822036743,-0.00023447300191037357,0.0,0.0,0.0
5.0,70.515366467,1.728158950805664,1.1226345300674438,0.00033093910315074027,0.0,0.0,0.0
5.0,70.61551335200001,1.7308800220489502,1.1244760751724243,0.0027700811624526978,0.0,0.0,0.0
5.0,70.716404889,1.728190302848816,1.1224589347839355,-0.0011541179846972227,0.0,0.0,0.0
5.0,70.817414239,1.7273818254470825,1.1217041015625,-0.002377371769398451,0.0,0.0,0.0
5.0,70.916376658,1.7290290594100952,1.122162938117981,0.00010633401689119637,0.0,0.0,0.0
5.0,71.016361434,1.7281183004379272,1.1200553178787231,-0.0017205470940098166,0.0,0.0,0.0
5.0,71.118408306,1.7277077436447144,1.1190576553344727,-0.002938723424449563,0.0,0.0,0.0
5.0,71.21608319,1.7261972427368164,1.1197335720062256,-0.0030756783671677113,0.0,0.0,0.0
5.0,71.31441521,1.731825828552246,1.1250953674316406,0.0016245301812887192,0.0,0.0,0.0
5.0,71.417497686,1.7282485961914062,1.1242189407348633,-3.475465200608596e-05,0.0,0.0,0.0
5.0,71.516517003,1.7288843393325806,1.121936559677124,0.00078085862332955,0.0,0.0,0.0
5.0,71.61548337100001,1.729340672492981,1.1228787899017334,0.00013377360301092267,0.0,0.0,0.0
5.0,71.71641178,1.7289398908615112,1.1222132444381714,0.0011603680904954672,0.0,0.0,0.0
5.0,71.81745188100001,1.7288731336593628,1.1234225034713745,0.0014214327093213797,0.0,0.0,0.0
5.0,71.916427113,1.7288750410079956,1.1219121217727661,0.0016028257086873055,0.0,0.0,0.0
5.0,72.015483332,1.728039026260376,1.1218825578689575,0.0004191253101453185,0.0,0.0,0.0
5.0,72.11541801300001,1.7309620380401611,1.1243342161178589,8.021619578357786e-05,0.0,0.0,0.0
5.0,72.215421922,1.7302147150039673,1.1236634254455566,0.0016103375237435102,0.0,0.0,0.0
5.0,72.316572472,1.7299628257751465,1.1243233680725098,0.00214029080234468,0.0,0.0,0.0
5.0,72.415478093,1.7288528680801392,1.1217485666275024,0.0006119742756709456,0.0,0.0,0.0
5.0,72.514514202,1.7286911010742188,1.1214555501937866,0.00040711191832087934,0.0,0.0,0.0
5.0,72.61439394700001,1.7299396991729736,1.1239275932312012,-0.00015231769066303968,0.0,0.0,0.0
5.0,72.716372244,1.7289258241653442,1.1230504512786865,0.0009632775327190757,0.0,0.0,0.0
5.0,72.81442422,1.7305645942687988,1.1239835023880005,0.002317924750968814,0.0,0.0,0.0
5.0,72.91438432800001,1.728743076324463,1.1217966079711914,0.0003173075965605676,0.0,0.0,0.0
5.0,73.016441364,1.7286489009857178,1.121565341949463,0.0005898213130421937,0.0,0.0,0.0
5.0,73.118455538,1.728145718574524,1.1227582693099976,0.00025144245591945946,0.0,0.0,0.0
5.0,73.217607286,1.7284096479415894,1.1220815181732178,0.0007395504508167505,0.0,0.0,0.0
5.0,73.315605698,1.729296088218689,1.1225637197494507,0.00041784613858908415,0.0,0.0,0.0
5.0,73.413637385,1.728062629699707,1.1238030195236206,3.388815821381286e-05,0.0,0.0,0.0
5.0,73.515525799,1.7279390096664429,1.1232318878173828,-0.0005748221301473677,0.0,0.0,0.0
5.0,73.61565743300001,1.7290847301483154,1.1247907876968384,8.985718886833638e-05,0.0,0.0,0.0
5.0,73.71568141200001,1.7289073467254639,1.1236038208007812,0.0018695156322792172,0.0,0.0,0.0
5.0,73.815632934,1.7285672426223755,1.1230919361114502,-0.0006423828308470547,0.0,0.0,0.0
5.0,73.915510266,1.728911280632019,1.1220777034759521,0.0012807833263650537,0.0,0.0,0.0
5.0,74.01454155900001,1.7300008535385132,1.1232901811599731,0.0007866843370720744,0.0,0.0,0.0
5.0,74.11448280100001,1.7294656038284302,1.1229506731033325,0.0025273743085563183,0.0,0.0,0.0
5.0,74.214618064,1.729584813117981,1.122997760772705,0.0012775238137692213,0.0,0.0,0.0
5.0,74.31352140700001,1.729588508605957,1.1228564977645874,0.0017953402129933238,0.0,0.0,0.0
5.0,74.41457177400001,1.7283645868301392,1.1213040351867676,0.0017160676652565598,0.0,0.0,0.0
5.0,74.514637611,1.7252353429794312,1.1190165281295776,-0.0019271128112450242,0.0,0.0,0.0
5.0,74.61552183500001,1.7302212715148926,1.123655915260315,0.0018815118819475174,0.0,0.0,0.0
5.0,74.71627605,1.7280277013778687,1.1215265989303589,-0.0010899081826210022,0.0,0.0,0.0
5.0,74.81352782200001,1.7290520668029785,1.1224212646484375,0.00043525430373847485,0.0,0.0,0.0
5.0,74.91452100800001,1.7280089855194092,1.1226427555084229,0.0013079396449029446,0.0,0.0,0.0
5.0,75.014546791,1.7283599376678467,1.1241315603256226,0.00040222005918622017,0.0,0.0,0.0
5.0,75.112263076,1.7305840253829956,1.124132513999939,0.0017900849925354123,0.0,0.0,0.0
5.0,75.214517412,1.7296159267425537,1.1242475509643555,0.0011425907723605633,0.0,0.0,0.0
5.0,75.31556989,1.7280547618865967,1.1241214275360107,0.0004222856950946152,0.0,0.0,0.0
5.0,75.412218108,1.7271690368652344,1.1216118335723877,-0.0017608872149139643,0.0,0.0,0.0
5.0,75.513471401,1.727928876876831,1.1228176355361938,-0.0010759816505014896,0.0,0.0,0.0
5.0,75.614568206,1.730992078781128,1.1245627403259277,0.002507770899683237,0.0,0.0,0.0
5.0,75.714591258,1.7288047075271606,1.1219637393951416,0.0027095675468444824,0.0,0.0,0.0
5.0,75.81453312900001,1.7279446125030518,1.121547818183899,0.00023507882724516094,0.0,0.0,0.0
5.0,75.912435727,1.7311055660247803,1.1250039339065552,0.00269470177590847,0.0,0.0,0.0
5.0,76.01244461200001,1.730751395225525,1.1249560117721558,0.004783031530678272,0.0,0.0,0.0
5.0,76.11349387700001,1.7304142713546753,1.1235017776489258,0.00012837917893193662,0.0,0.0,0.0
5.0,76.212564024,1.7279102802276611,1.1217830181121826,-6.574080907739699e-05,0.0,0.0,0.0
5.0,76.31165722,1.729727029800415,1.1243901252746582,0.001011362299323082,0.0,0.0,0.0
5.0,76.417444081,1.7300946712493896,1.123830795288086,0.0031562051735818386,0.0,0.0,0.0
5.0,76.51462693100001,1.7304754257202148,1.1242516040802002,0.0016876545269042253,0.0,0.0,0.0
5.0,76.61657105500001,1.72858726978302,1.1219592094421387,0.0016843724297359586,0.0,0.0,0.0
5.0,76.71125912100001,1.7280882596969604,1.1208724975585938,-0.0006227281410247087,0.0,0.0,0.0
5.0,76.813443393,1.7273082733154297,1.1196377277374268,-0.00291089597158134,0.0,0.0,0.0
5.0,76.911509893,1.726120114326477,1.1195018291473389,-0.003942201379686594,0.0,0.0,0.0
5.0,77.011516552,1.7299751043319702,1.1232149600982666,-0.00038231039070524275,0.0,0.0,0.0
5.0,77.112483032,1.7288862466812134,1.122254490852356,0.001680499641224742,0.0,0.0,0.0
5.0,77.212537286,1.729087471961975,1.1220906972885132,0.00136578141245991,0.0,0.0,0.0
5.0,77.31173047700001,1.7285393476486206,1.122221827507019,0.001618079491890967,0.0,0.0,0.0
5.0,77.41156206800001,1.7312989234924316,1.1258838176727295,0.002781699877232313,0.0,0.0,0.0
5.0,77.51259437200001,1.7289713621139526,1.1249284744262695,0.0006713994080200791,0.0,0.0,0.0
5.0,77.614402318,1.7283231019973755,1.1227247714996338,-0.0016437817830592394,0.0,0.0,0.0
5.0,77.710449025,1.7310272455215454,1.1251964569091797,-0.00037782901199534535,0.0,0.0,0.0
5.0,77.81149203700001,1.7307054996490479,1.1248739957809448,0.005038129165768623,0.0,0.0,0.0
5.0,77.91147665700001,1.729248285293579,1.1223918199539185,0.0024670774582773447,0.0,0.0,0.0
5.0,78.012427251,1.7295042276382446,1.1237515211105347,0.0017995863454416394,0.0,0.0,0.0
5.0,78.113480983,1.7280495166778564,1.122391700744629,-0.001604979857802391,0.0,0.0,0.0
5.0,78.210597019,1.72745680809021,1.1237046718597412,-0.0015871126670390368,0.0,0.0,0.0
5.0,78.31054993100001,1.727067470550537,1.1209555864334106,-0.00031218084041029215,0.0,0.0,0.0
5.0,78.41240150200001,1.7299877405166626,1.1239280700683594,0.0005723921349272132,0.0,0.0,0.0
5.0,78.51250616600001,1.7289103269577026,1.1219428777694702,-0.000837581348605454,0.0,0.0,0.0
5.0,78.61248595900001,1.7280908823013306,1.1226059198379517,0.000841614615637809,0.0,0.0,0.0
5.0,78.710159805,1.7280405759811401,1.121023178100586,-0.00036378955701366067,0.0,0.0,0.0
5.0,78.810379835,1.7313506603240967,1.1249921321868896,0.0015238067135214806,0.0,0.0,0.0
5.0,78.911456283,1.7289659976959229,1.1224610805511475,0.001868605613708496,0.0,0.0,0.0
5.0,79.01047167,1.728865623474121,1.1219977140426636,0.0015115616843104362,0.0,0.0,0.0
5.0,79.109543938,1.7279611825942993,1.1220449209213257,2.1173371351324022e-05,0.0,0.0,0.0
5.0,79.210348123,1.7268637418746948,1.120578646659851,-0.0026026854757219553,0.0,0.0,0.0
5.0,79.310453389,1.731436014175415,1.1241875886917114,-0.0005227154470048845,0.0,0.0,0.0
5.0,79.415569808,1.7297377586364746,1.1242066621780396,8.869657904142514e-05,0.0,0.0,0.0
5.0,79.512630021,1.728968858718872,1.123069167137146,0.0011309850960969925,0.0,0.0,0.0
5.0,79.609244978,1.7286324501037598,1.1217280626296997,0.0015571871772408485,0.0,0.0,0.0
5.0,79.710465556,1.7301380634307861,1.1247477531433105,0.002662466838955879,0.0,0.0,0.0
5.0,79.809583152,1.7285202741622925,1.1224807500839233,0.0010110599687322974,0.0,0.0,0.0
5.0,79.91156999900001,1.7281213998794556,1.122568964958191,-0.0010276837274432182,0.0,0.0,0.0
5.0,80.009560926,1.7306042909622192,1.1241505146026611,0.0015180828049778938,0.0,0.0,0.0
5.0,80.110506591,1.729886531829834,1.1240928173065186,0.0034548090770840645,0.0,0.0,0.0
5.0,80.209557039,1.7293686866760254,1.1243503093719482,0.004559326451271772,0.0,0.0,0.0
5.0,80.31150422500001,1.7315798997879028,1.1245312690734863,-0.0029305778443813324,0.0,0.0,0.0
5.0,80.41128600100001,1.732932209968567,1.124538779258728,-0.0057281930930912495,0.0,0.0,0.0
5.0,80.509375284,1.729878544807434,1.1232950687408447,0.0017422642558813095,0.0,0.0,0.0
5.0,80.61053240800001,1.7287414073944092,1.1220961809158325,0.0023206251207739115,0.0,0.0,0.0
5.0,80.709590778,1.7287667989730835,1.1211596727371216,0.0027919092681258917,0.0,0.0,0.0
5.0,80.809255386,1.7308481931686401,1.1247336864471436,0.0015698978677392006,0.0,0.0,0.0
5.0,80.910290618,1.7283661365509033,1.123800277709961,-0.000782892806455493,0.0,0.0,0.0
5.0,81.009128328,1.7306077480316162,1.1246440410614014,-8.362512744497508e-05,0.0,0.0,0.0
5.0,81.111348217,1.7261970043182373,1.1222139596939087,-0.00182214449159801,0.0,0.0,0.0
5.0,81.21017342600001,1.729203701019287,1.1222014427185059,0.0011775695020332932,0.0,0.0,0.0
5.0,81.31009638100001,1.7286021709442139,1.1220736503601074,0.0012247154954820871,0.0,0.0,0.0
5.0,81.40824457000001,1.7291226387023926,1.1219801902770996,0.0012616193853318691,0.0,0.0,0.0
5.0,81.5113302,1.7279672622680664,1.1197820901870728,-0.002383291954174638,0.0,0.0,0.0
5.0,81.61445162300001,1.7312092781066895,1.1235439777374268,-0.0017248190706595778,0.0,0.0,0.0
5.0,81.709160005,1.7307924032211304,1.124167799949646,0.001230108318850398,0.0,0.0,0.0
5.0,81.809221463,1.7290914058685303,1.1241295337677002,0.00014826483675278723,0.0,0.0,0.0
5.0,81.909192684,1.7297219038009644,1.1229848861694336,0.0009484303882345557,0.0,0.0,0.0
5.0,82.00809486600001,1.7283293008804321,1.1219264268875122,0.0010077349143102765,0.0,0.0,0.0
5.0,82.109998073,1.728040337562561,1.1208218336105347,0.000912215793505311,0.0,0.0,0.0
5.0,82.20921966600001,1.729978084564209,1.1231712102890015,0.0014423143584281206,0.0,0.0,0.0
5.0,82.31049942,1.72831392288208,1.1224112510681152,0.0010757590644061565,0.0,0.0,0.0
5.0,82.407163498,1.7302515506744385,1.124037504196167,0.00024992850376293063,0.0,0.0,0.0
5.0,82.50832547200001,1.7294665575027466,1.1226645708084106,0.0019199697999283671,0.0,0.0,0.0
5.0,82.60910759000001,1.7284915447235107,1.1223113536834717,0.00019530982535798103,0.0,0.0,0.0
5.0,82.710206532,1.7288962602615356,1.1227304935455322,0.0015972094843164086,0.0,0.0,0.0
5.0,82.80836694300001,1.731065273284912,1.126015543937683,0.003712496254593134,0.0,0.0,0.0
5.0,82.909215163,1.7279435396194458,1.122982144355774,-1.4848279533907771e-05,0.0,0.0,0.0
5.0,83.007237969,1.727154016494751,1.1203582286834717,-0.0016730846837162971,0.0,0.0,0.0
5.0,83.109061747,1.7283415794372559,1.1209945678710938,-0.0013809644151479006,0.0,0.0,0.0
5.0,83.20715033200001,1.7288892269134521,1.1225308179855347,0.0008886975119821727,0.0,0.0,0.0
5.0,83.307186391,1.7281897068023682,1.1219948530197144,-0.0003843065060209483,0.0,0.0,0.0
5.0,83.40916905600001,1.7280750274658203,1.1229501962661743,0.000486595876282081,0.0,0.0,0.0
5.0,83.50720499900001,1.7289482355117798,1.122007131576538,0.0017118796240538359,0.0,0.0,0.0
5.0,83.60818520400001,1.7288501262664795,1.1221086978912354,0.0016898273024708033,0.0,0.0,0.0
5.0,83.707278212,1.7284445762634277,1.1218786239624023,0.0018244485836476088,0.0,0.0,0.0
5.0,83.807330361,1.7286633253097534,1.1219228506088257,0.0016801691381260753,0.0,0.0,0.0
5.0,83.909164547,1.727873682975769,1.1206307411193848,-0.0012624290538951755,0.0,0.0,0.0
5.0,84.00808279200001,1.7266442775726318,1.1199153661727905,-0.003246765583753586,0.0,0.0,0.0
5.0,84.108468816,1.7285252809524536,1.121511459350586,-0.001297226408496499,0.0,0.0,0.0
5.0,84.208346133,1.730285882949829,1.1235352754592896,0.00011627115600276738,0.0,0.0,0.0
5.0,84.308288793,1.7288252115249634,1.121819019317627,0.0006322311237454414,0.0,0.0,0.0
5.0,84.408337593,1.7287626266479492,1.1218057870864868,0.0017388383857905865,0.0,0.0,0.0
5.0,84.506262913,1.7292677164077759,1.1230967044830322,0.0017435501795262098,0.0,0.0,0.0
5.0,84.608116229,1.7285411357879639,1.1223148107528687,0.0006188902771100402,0.0,0.0,0.0
5.0,84.707325295,1.7274385690689087,1.1204811334609985,-0.0021827486343681812,0.0,0.0,0.0
5.0,84.809108048,1.7295544147491455,1.1230286359786987,0.0010228990577161312,0.0,0.0,0.0
5.0,84.90608872700001,1.7286872863769531,1.124036192893982,0.0011548777110874653,0.0,0.0,0.0
5.0,85.008386187,1.7279571294784546,1.1218876838684082,-0.00227267574518919,0.0,0.0,0.0
5.0,85.107384658,1.7323100566864014,1.124194860458374,-0.005299703683704138,0.0,0.0,0.0
5.0,85.206201124,1.7298839092254639,1.1228302717208862,-0.0005553574301302433,0.0,0.0,0.0
5.0,85.308097532,1.7281725406646729,1.1211971044540405,0.00016278606199193746,0.0,0.0,0.0
5.0,85.407290539,1.7289276123046875,1.1219861507415771,0.001755213481374085,0.0,0.0,0.0
5.0,85.507287335,1.7288553714752197,1.1217116117477417,0.002006161492317915,0.0,0.0,0.0
5.0,85.60836620500001,1.7302894592285156,1.1239770650863647,0.001157010323368013,0.0,0.0,0.0
5.0,85.706446947,1.7288877964019775,1.1221545934677124,0.0018017664551734924,0.0,0.0,0.0
5.0,85.80822991800001,1.7309156656265259,1.1246371269226074,0.00018654140876606107,0.0,0.0,0.0
5.0,85.90560157600001,1.7290645837783813,1.1217963695526123,-0.0004894648445770144,0.0,0.0,0.0
5.0,86.007484409,1.729383945465088,1.1225216388702393,0.0017629386857151985,0.0,0.0,0.0
5.0,86.107414789,1.7287662029266357,1.1216598749160767,0.0011290822876617312,0.0,0.0,0.0
5.0,86.20538414500001,1.7287133932113647,1.1217626333236694,0.0013696373207494617,0.0,0.0,0.0
5.0,86.30755848400001,1.7287033796310425,1.1215541362762451,0.0008441336103715003,0.0,0.0,0.0
5.0,86.405468259,1.7292224168777466,1.1228234767913818,0.00013306488108355552,0.0,0.0,0.0
5.0,86.506206878,1.7286512851715088,1.122552752494812,-0.0016550273867323995,0.0,0.0,0.0
5.0,86.60628870400001,1.7283916473388672,1.1226154565811157,0.0009431451908312738,0.0,0.0,0.0
5.0,86.705367338,1.7289050817489624,1.1224249601364136,0.00199400563724339,0.0,0.0,0.0
5.0,86.807266791,1.728319764137268,1.1217186450958252,0.0007170292665250599,0.0,0.0,0.0
5.0,86.905415534,1.728140950202942,1.1200973987579346,-0.0020228265784680843,0.0,0.0,0.0
5.0,87.006277853,1.7293596267700195,1.1243218183517456,0.0012128539383411407,0.0,0.0,0.0
5.0,87.10829718500001,1.7290021181106567,1.1234855651855469,0.0018398745451122522,0.0,0.0,0.0
5.0,87.20434977100001,1.7313501834869385,1.1268054246902466,0.0032766442745923996,0.0,0.0,0.0
5.0,87.30432147100001,1.7323890924453735,1.1288567781448364,0.004077422432601452,0.0,0.0,0.0
5.0,87.406273287,1.7292768955230713,1.122551441192627,0.0016883305506780744,0.0,0.0,0.0
5.0,87.50462947700001,1.7286396026611328,1.1212977170944214,0.00101568887475878,0.0,0.0,0.0
5.0,87.607497546,1.7271854877471924,1.1207356452941895,-4.150650056544691e-05,0.0,0.0,0.0
5.0,87.70540762,1.7290234565734863,1.1235414743423462,6.206732359714806e-05,0.0,0.0,0.0
5.0,87.805265519,1.7287201881408691,1.1219910383224487,0.0011952739441767335,0.0,0.0,0.0
5.0,87.905490056,1.7300312519073486,1.123505711555481,0.0014577750116586685,0.0,0.0,0.0
5.0,88.00754566500001,1.7282578945159912,1.1219881772994995,-0.00014499262033496052,0.0,0.0,0.0
5.0,88.10635553600001,1.7302484512329102,1.1232191324234009,-0.001807232853025198,0.0,0.0,0.0
5.0,88.204592922,1.7290352582931519,1.1224420070648193,0.0006668578134849668,0.0,0.0,0.0
5.0,88.303246642,1.7288048267364502,1.1218665838241577,0.0015330627793446183,0.0,0.0,0.0
5.0,88.404548347,1.7285726070404053,1.1218116283416748,0.0020443496759980917,0.0,0.0,0.0
5.0,88.504523424,1.728405475616455,1.121546983718872,0.002034534001722932,0.0,0.0,0.0
5.0,88.60563747600001,1.7276800870895386,1.1216853857040405,0.0002998872078023851,0.0,0.0,0.0
